################################################################################
# Collectl:   V4.1.0-1  HiRes: 1  Options: -D /etc/collectl.conf 
# Host:       dhcp10859  DaemonOpts: -P -f /var/www/html/des20/Data -r00:00,7 -m -F5  -oz
# Booted:     1499772098.78 [20170711-13:21:38]
# Distro:     CentOS Linux release 7.2.1511 (Core)   Platform: VirtualBox
# Date:       20170711-132313  Secs: 1499772193 TZ: +0200
# SubSys:     bcdfijmnst Options: z Interval: 10 NumCPUs: 1  NumBud: 2 Flags: i
# Filters:    NfsFilt:  EnvFilt:  TcpFilt: ituc
# HZ:         100  Arch: x86_64-linux-thread-multi PageSize: 4096
# Cpu:        GenuineIntel Speed(MHz): 2194.916 Cores: 1  Siblings: 1 Nodes: 1
# Kernel:     3.10.0-327.36.3.el7.x86_64  Memory: 1016848 kB  Swap: 1108988 kB
# NumDisks:   3 DiskNames: sda sdb sdc
# NumNets:    2 NetNames: enp0s8:1000 lo:??
# SCSI:       CD:1:00:00:00 DA:2:00:00:00 DA:3:00:00:00 DA:4:00:00:00
################################################################################
#Date Time [CPU]User% [CPU]Nice% [CPU]Sys% [CPU]Wait% [CPU]Irq% [CPU]Soft% [CPU]Steal% [CPU]Idle% [CPU]Totl% [CPU]Guest% [CPU]GuestN% [CPU]Intrpt/sec [CPU]Ctx/sec [CPU]Proc/sec [CPU]ProcQue [CPU]ProcRun [CPU]L-Avg1 [CPU]L-Avg5 [CPU]L-Avg15 [CPU]RunTot [CPU]BlkTot [MEM]Tot [MEM]Used [MEM]Free [MEM]Shared [MEM]Buf [MEM]Cached [MEM]Slab [MEM]Map [MEM]Anon [MEM]AnonH [MEM]Commit [MEM]Locked [MEM]SwapTot [MEM]SwapUsed [MEM]SwapFree [MEM]SwapIn [MEM]SwapOut [MEM]Dirty [MEM]Clean [MEM]Laundry [MEM]Inactive [MEM]PageIn [MEM]PageOut [MEM]PageFaults [MEM]PageMajFaults [MEM]HugeTotal [MEM]HugeFree [MEM]HugeRsvd [MEM]SUnreclaim [SOCK]Used [SOCK]Tcp [SOCK]Orph [SOCK]Tw [SOCK]Alloc [SOCK]Mem [SOCK]Udp [SOCK]Raw [SOCK]Frag [SOCK]FragMem [NET]RxPktTot [NET]TxPktTot [NET]RxKBTot [NET]TxKBTot [NET]RxCmpTot [NET]RxMltTot [NET]TxCmpTot [NET]RxErrsTot [NET]TxErrsTot [DSK]ReadTot [DSK]WriteTot [DSK]OpsTot [DSK]ReadKBTot [DSK]WriteKBTot [DSK]KbTot [DSK]ReadMrgTot [DSK]WriteMrgTot [DSK]MrgTot [INODE]NumDentry [INODE]openFiles [INODE]MaxFile% [INODE]used [NFS]ReadsS [NFS]WritesS [NFS]MetaS [NFS]CommitS [NFS]Udp [NFS]Tcp [NFS]TcpConn [NFS]BadAuth [NFS]BadClient [NFS]ReadsC [NFS]WritesC [NFS]MetaC [NFS]CommitC [NFS]Retrans [NFS]AuthRef [TCP]IpErr [TCP]TcpErr [TCP]UdpErr [TCP]IcmpErr [TCP]Loss [TCP]FTrans [BUD]1Page [BUD]2Pages [BUD]4Pages [BUD]8Pages [BUD]16Pages [BUD]32Pages [BUD]64Pages [BUD]128Pages [BUD]256Pages [BUD]512Pages [BUD]1024Pages
20170711 13:23:30 33 0 26 10 0 2 0 28 62 0 0 1233 3280 335 582 1 1.49 0.43 0.15 1 0 1016848 502140 514708 61596 25620 214000 45952 79660 156432 2048 561428 5748 1108988 0 1108988 0 0 1328 0 0 129868 30090 322 50207 0 0 0 0 22560 278 13 0 6 29 2 0 0 0 0 0 1 0 0 0 0 0 0 0 126 37 163 29821 594 30414 0 0 0 29283 2400 2 21296 0 0 0 0 0 0 0 0 0 0 0 0 0 0 0 0 3 0 1 0 0 179 211 205 103 62 42 23 20 7 5 113
20170711 13:23:40 12 0 13 6 0 1 0 68 26 0 0 644 952 46 573 1 1.41 0.45 0.16 1 0 1016848 501596 515252 61596 25620 214068 46000 79708 148200 2048 558368 5748 1108988 0 1108988 0 0 516 0 0 129884 12342 151 16341 0 0 0 0 22600 277 13 0 6 28 0 0 0 0 0 0 1 0 0 0 0 0 0 0 30 25 55 12288 204 12492 0 0 0 29205 2336 2 21217 0 0 0 0 0 0 0 0 0 0 0 0 0 0 0 0 0 0 1 0 0 551 338 265 144 88 46 28 23 8 2 112
20170711 13:23:50 11 0 10 4 0 1 0 75 21 0 0 542 761 33 574 3 1.75 0.55 0.20 3 0 1016848 502240 514608 61596 23572 214068 46024 79708 157212 10240 559096 5748 1108988 0 1108988 0 0 96 0 0 128860 6190 211 12141 0 0 0 0 22648 277 13 0 8 28 0 0 0 0 0 0 1 0 0 0 0 0 0 0 15 28 43 6136 264 6400 0 3 3 29215 2336 2 21222 0 0 0 0 0 0 0 0 0 0 0 0 0 0 0 0 0 0 1 0 0 434 347 281 152 80 52 32 23 8 3 111
20170711 13:24:00 10 0 12 6 0 1 0 71 22 0 0 601 905 46 575 2 1.72 0.58 0.21 1 0 1016848 504608 512240 61596 25620 214068 46052 79712 159196 12288 559316 5748 1108988 0 1108988 0 0 76 0 0 129884 12331 32 16466 0 0 0 0 22644 277 13 0 8 28 0 0 0 0 0 0 1 0 0 0 0 0 0 0 30 5 35 12304 59 12363 0 0 0 29232 2368 2 21239 0 0 0 0 0 0 0 0 0 0 0 0 0 0 0 0 0 0 1 0 0 337 324 269 160 75 48 30 22 8 3 111
20170711 13:24:10 11 0 10 5 0 0 0 74 21 0 0 548 903 35 575 4 1.61 0.60 0.22 3 0 1016848 506524 510324 61596 25620 214688 46096 80036 158244 12288 560160 5748 1108988 0 1108988 0 0 40 0 0 130388 6232 34 13724 0 0 0 0 22696 277 13 0 4 28 0 0 0 0 0 0 1 0 0 0 0 0 0 0 16 5 21 6205 61 6266 0 0 0 29256 2400 2 21252 0 0 0 0 0 0 0 0 0 0 0 0 0 0 0 0 3 0 1 0 0 645 239 286 133 74 50 32 23 9 1 111
20170711 13:24:20 9 0 12 6 0 1 0 73 21 0 0 590 887 41 586 5 1.43 0.59 0.22 3 1 1016848 518980 497868 61596 25620 214700 46120 80564 171712 14336 576780 5748 1108988 0 1108988 0 0 56 0 0 130252 11521 68 14448 0 0 0 0 22688 276 13 0 4 29 3 0 0 0 0 0 0 0 0 0 0 0 0 0 28 10 38 11468 122 11590 0 0 0 29336 2496 3 21332 0 0 0 0 0 0 0 0 0 0 0 0 0 0 0 0 0 0 0 0 0 30 46 31 33 75 52 30 21 9 1 111
20170711 13:24:30 8 0 9 4 0 0 0 79 17 0 0 504 772 33 574 1 1.37 0.61 0.23 1 0 1016848 506604 510244 61596 25620 214704 46136 80048 160356 14336 560160 5748 1108988 0 1108988 0 0 60 0 0 130244 6992 29 12086 0 0 0 0 22712 275 13 0 2 28 0 0 0 0 0 0 0 0 0 0 0 0 0 0 17 5 22 6965 56 7021 0 0 0 29252 2400 2 21248 0 0 0 0 0 0 0 0 0 0 0 0 0 0 0 0 0 0 0 0 0 755 357 254 143 66 50 33 25 9 2 110
20170711 13:24:40 9 0 10 4 0 0 0 77 19 0 0 494 798 41 581 3 1.38 0.64 0.24 1 0 1016848 506272 510576 61596 23572 214704 46128 80048 161428 14336 562516 5748 1108988 0 1108988 0 0 52 0 0 129220 6198 57 14885 0 0 0 0 22704 276 13 0 2 29 2 0 0 0 0 0 0 0 0 0 0 0 0 0 15 9 24 6144 111 6255 0 0 0 29314 2400 2 21311 0 0 0 0 0 0 0 0 0 0 0 0 0 0 0 0 0 0 0 0 0 366 333 289 148 79 48 30 24 9 1 111
20170711 13:24:50 11 0 12 8 0 1 0 68 23 0 0 571 840 39 574 2 1.25 0.63 0.25 1 0 1016848 506608 510240 61596 25620 214704 46144 80044 160344 14336 560160 5748 1108988 0 1108988 0 0 20 0 0 130240 12315 50 14099 0 0 0 0 22704 275 13 0 0 28 0 0 0 0 0 0 0 0 0 0 0 0 0 0 30 7 37 12288 77 12365 0 0 0 29252 2400 2 21248 0 0 0 0 0 0 0 0 0 0 0 0 0 0 0 0 0 0 0 0 0 654 313 265 147 67 51 28 24 9 1 111
20170711 13:25:00 13 0 10 5 0 0 0 72 23 0 0 559 840 43 581 1 1.13 0.63 0.25 1 0 1016848 511884 504964 61564 23572 217588 46204 80860 163944 14336 564616 5748 1108988 0 1108988 0 0 44 0 0 131992 6487 69 18675 1 0 0 0 22732 284 13 0 0 29 2 0 0 0 0 0 0 0 0 0 0 0 0 0 17 10 27 6434 122 6556 0 0 0 29351 2496 3 21338 0 0 0 0 0 0 0 0 0 0 0 0 0 0 0 0 0 0 0 0 0 71 63 212 181 50 48 29 24 9 1 111
20170711 13:25:10 15 0 13 6 0 0 0 66 28 0 0 658 995 42 574 2 1.20 0.66 0.26 1 0 1016848 513060 503788 61564 25620 217728 46308 80924 163284 14336 562344 5748 1108988 0 1108988 0 0 92 0 0 133096 12324 43 17788 0 0 0 0 22780 279 13 0 0 28 0 0 0 0 0 0 0 0 0 0 0 0 0 0 31 6 37 12298 70 12367 0 0 0 29307 2464 2 21291 0 0 0 0 0 0 0 0 0 0 0 0 0 0 0 0 0 0 0 0 0 307 194 270 172 59 32 26 23 8 1 111
20170711 13:25:20 10 0 9 4 0 0 0 78 19 0 0 488 712 28 574 1 1.02 0.63 0.26 1 0 1016848 510996 505852 61564 23572 217732 46200 80924 163300 14336 562344 5748 1108988 0 1108988 0 0 48 0 0 132076 6198 102 10957 0 0 0 0 22696 279 13 0 0 28 0 0 0 0 0 0 0 0 0 0 0 0 0 0 15 15 30 6144 156 6300 0 1 1 29306 2464 2 21290 0 0 0 0 0 0 0 0 0 0 0 0 0 0 0 0 0 0 0 0 0 239 208 295 199 60 37 25 24 8 1 111
20170711 13:25:30 11 0 13 7 0 0 0 69 24 0 0 609 890 42 576 1 1.25 0.70 0.28 1 0 1016848 513468 503380 61564 25620 217736 46228 80932 163628 14336 563160 5748 1108988 0 1108988 0 0 44 0 0 133096 12316 32 15301 0 0 0 0 22708 279 13 0 0 28 0 0 0 0 0 0 0 0 0 0 0 0 0 0 30 5 35 12289 58 12348 0 0 0 29325 2496 3 21309 0 0 0 0 0 0 0 0 0 0 0 0 0 0 0 0 0 0 0 0 0 277 158 234 178 51 39 24 24 8 1 111
20170711 13:25:40 10 0 10 4 0 1 0 75 21 0 0 522 713 28 575 5 1.13 0.69 0.29 4 0 1016848 520576 496272 61564 25620 218100 46288 81240 170076 14336 570312 5748 1108988 0 1108988 0 0 20 0 0 133456 6210 31 10406 1 0 0 0 22776 284 13 0 0 34 1 0 0 0 0 20 31 2 51 0 0 0 0 0 18 5 23 6183 58 6241 0 0 0 29340 2496 3 21324 0 0 0 0 0 0 0 0 0 0 0 0 0 0 0 0 0 0 0 0 0 8 7 42 115 57 38 24 24 8 1 111
20170711 13:25:50 10 11 16 6 0 1 0 56 38 0 0 820 998 56 592 2 1.76 0.83 0.34 2 1 1016848 529808 487040 61564 25620 218720 48700 81904 170584 14336 619576 5748 1108988 0 1108988 0 0 56 0 0 133436 7922 67 27160 3 0 0 0 24376 286 13 0 5 35 3 0 0 0 0 42 59 6 107 0 0 0 0 0 27 11 38 7868 121 7989 0 0 0 30222 2528 3 21982 0 0 0 0 0 0 0 0 0 0 0 0 0 0 0 0 0 0 0 0 0 178 267 149 111 55 41 20 17 7 1 109
20170711 13:26:00 18 3 34 5 0 2 0 37 57 0 0 1151 1657 171 598 14 2.11 0.94 0.38 8 0 1016848 538112 478736 61564 25620 221068 49172 81744 175100 14336 640432 5748 1108988 0 1108988 0 0 128 0 0 135452 10909 52 53105 2 0 0 0 24640 297 25 0 10 46 1 0 0 0 0 57 83 11 129 0 0 0 0 0 36 9 45 10882 78 10960 0 0 0 30327 2592 3 22056 0 0 0 0 0 0 0 0 0 0 0 0 0 0 0 0 0 0 0 0 0 66 37 58 77 63 34 12 15 7 1 109
20170711 13:26:10 20 5 47 0 0 1 0 26 74 0 0 1368 2338 312 590 1 2.10 0.97 0.39 1 0 1016848 535664 481184 61564 25620 221088 49136 81568 173268 14336 634672 5748 1108988 0 1108988 0 0 144 0 0 136444 6609 82 91864 0 0 0 0 24596 296 25 0 12 44 1 0 0 0 0 15 13 6 7 0 0 0 0 0 16 15 31 6556 136 6691 0 0 0 30327 2496 3 22054 0 0 0 0 0 0 0 0 0 0 0 0 0 0 0 0 0 0 0 0 0 360 192 119 103 67 30 10 15 6 1 109
20170711 13:26:20 22 4 52 4 0 1 0 17 79 0 0 1440 2391 345 596 2 1.93 0.97 0.40 2 0 1016848 536484 480364 61564 25620 221116 49200 81576 173800 14336 635680 5748 1108988 0 1108988 0 0 84 0 0 135428 11905 107 100305 0 0 0 0 24628 297 25 0 12 45 10 0 0 0 0 14 14 5 9 0 0 0 0 0 29 16 44 11878 134 12012 0 1 1 30376 2528 3 22104 0 0 0 0 0 0 0 0 0 0 0 0 0 0 0 0 0 0 0 0 0 497 241 119 110 64 32 10 11 6 1 109
20170711 13:26:30 18 5 42 2 0 1 0 31 67 0 0 1272 2021 285 590 1 2.15 1.06 0.43 1 0 1016848 536224 480624 61564 25620 221144 49196 81576 173800 14336 634988 5748 1108988 0 1108988 0 0 88 0 0 135416 6170 56 83917 0 0 0 0 24648 296 25 0 13 44 2 0 0 0 0 16 15 6 8 0 0 0 0 0 15 11 26 6143 82 6226 0 0 0 30328 2496 3 22055 0 0 0 0 0 0 0 0 0 0 0 0 0 0 0 0 0 0 0 0 0 429 222 156 125 64 27 9 12 6 1 109
20170711 13:26:40 20 4 44 2 0 1 0 29 69 0 0 1357 2320 346 598 5 2.59 1.19 0.48 5 0 1016848 535028 481820 61564 23572 221168 49152 80660 174256 16384 637988 5748 1108988 0 1108988 0 0 108 0 0 134400 6196 78 99773 0 0 0 0 24632 294 25 0 16 45 4 0 0 0 0 13 11 4 4 0 0 0 0 0 15 14 29 6143 132 6274 0 0 0 30294 2496 3 22024 0 0 0 0 0 0 0 0 0 0 0 0 0 0 0 0 0 0 0 0 0 369 396 162 146 66 32 11 12 6 2 108
20170711 13:26:50 14 1 22 4 0 1 0 57 38 0 0 826 1121 93 582 1 2.27 1.16 0.48 1 0 1016848 529608 487240 61564 25620 221176 48740 80464 169520 16384 616224 5748 1108988 0 1108988 0 0 36 0 0 132876 12318 73 29016 0 0 0 0 24220 286 23 0 15 38 2 0 0 0 0 2 2 0 0 0 0 0 0 0 30 9 39 12292 100 12392 0 1 1 30188 2368 2 21920 0 0 0 0 0 0 0 0 0 0 0 0 0 0 0 0 0 0 0 0 0 1344 449 164 140 78 34 12 12 6 2 108
20170711 13:27:00 7 1 12 4 0 0 0 76 21 0 0 533 832 52 580 2 1.92 1.12 0.48 1 0 1016848 529224 487624 61564 25620 221176 48644 80464 169336 16384 615580 5748 1108988 0 1108988 0 0 44 0 0 132848 6171 31 17126 0 0 0 0 24148 288 22 0 11 40 3 0 0 0 0 7 6 2 2 0 0 0 0 0 15 5 20 6144 58 6202 0 0 0 30165 2368 2 21897 0 0 0 0 0 0 0 0 0 0 0 0 0 0 0 0 0 0 0 0 0 1232 445 154 141 82 34 13 13 6 2 108
20170711 13:27:10 13 0 12 6 0 1 0 68 25 0 0 644 1020 43 583 1 1.63 1.09 0.47 1 0 1016848 529976 486872 61564 25620 221176 48636 80504 169820 16384 616000 5748 1108988 0 1108988 0 0 40 0 0 132848 12340 58 16617 0 0 0 0 24140 285 22 0 11 38 5 0 0 0 0 1 1 0 0 0 0 0 0 0 30 9 39 12287 111 12398 0 0 0 30192 2368 2 21923 0 0 0 0 0 0 0 0 0 0 0 0 0 0 0 0 0 0 0 0 0 1036 489 147 128 81 32 13 14 6 2 108
20170711 13:27:20 13 0 18 3 0 0 0 65 32 0 0 745 1234 141 577 1 1.38 1.05 0.47 1 0 1016848 530096 486752 61564 25620 221184 48616 80480 170216 16384 615320 5748 1108988 0 1108988 0 0 40 0 0 132852 6171 43 41693 0 0 0 0 24120 287 23 0 11 40 2 0 0 0 0 5 4 1 1 0 0 0 0 0 15 7 22 6144 69 6213 0 0 0 30150 2368 2 21880 0 0 0 0 0 0 0 0 0 0 0 0 0 0 0 0 0 0 0 0 0 958 463 156 130 82 33 13 14 6 2 108
20170711 13:27:30 10 0 11 3 0 0 0 75 21 0 0 541 798 36 583 1 1.57 1.10 0.49 1 0 1016848 529620 487228 61564 23572 221188 48612 80484 171304 16384 617676 5748 1108988 0 1108988 0 0 36 0 0 131828 6198 58 13334 0 0 0 0 24116 286 22 0 13 39 5 0 0 0 0 2 2 0 1 0 0 0 0 0 15 9 24 6144 111 6255 0 0 0 30210 2400 2 21941 0 0 0 0 0 0 0 0 0 0 0 0 0 0 0 0 0 0 0 0 0 737 519 198 132 85 33 13 14 6 2 108
20170711 13:27:40 12 1 21 3 0 1 0 62 34 0 0 820 1505 176 577 3 1.64 1.13 0.51 1 0 1016848 530192 486656 61564 25620 221188 48608 80484 170312 16384 636596 5748 1108988 0 1108988 0 0 36 0 0 132860 12316 36 51438 0 0 0 0 24112 287 22 0 13 40 3 0 0 0 0 5 4 1 1 0 0 0 0 0 30 6 36 12289 63 12352 0 0 0 30161 2368 2 21891 0 0 0 0 0 0 0 0 0 0 0 0 0 0 0 0 0 0 0 0 0 995 442 193 117 82 32 13 14 6 2 108
20170711 13:27:50 10 0 10 2 0 0 0 77 21 0 0 529 754 36 584 1 1.76 1.18 0.53 1 0 1016848 529752 487096 61564 23572 221192 48600 80484 171360 16384 617824 5748 1108988 0 1108988 0 0 36 0 0 131840 6197 68 13324 0 0 0 0 24104 285 22 0 12 38 5 0 0 0 0 1 1 0 0 0 0 0 0 0 15 10 25 6143 122 6265 0 0 0 30217 2400 2 21948 0 0 0 0 0 0 0 0 0 0 0 0 0 0 0 0 0 0 0 0 0 694 536 194 142 83 31 13 14 6 2 108
20170711 13:28:00 9 0 11 6 0 0 0 73 21 0 0 582 841 39 577 1 1.49 1.14 0.52 1 0 1016848 530240 486608 61564 25620 221252 48600 80488 170412 16384 615772 5748 1108988 0 1108988 0 0 48 0 0 132904 12322 31 14498 0 0 0 0 24104 286 22 0 12 39 3 0 0 0 0 4 4 1 2 0 0 0 0 0 31 5 36 12295 58 12353 0 0 0 30163 2368 2 21893 0 0 0 0 0 0 0 0 0 0 0 0 0 0 0 0 0 0 0 0 0 932 464 152 129 85 32 13 14 6 2 108
20170711 13:28:10 12 0 17 4 0 0 0 67 29 0 0 708 1436 159 586 6 1.58 1.17 0.54 5 0 1016848 531520 485328 61564 23572 221272 48604 80500 172720 16384 623056 5748 1108988 0 1108988 0 0 60 0 0 131896 6197 60 46990 0 0 0 0 24108 285 22 0 12 38 5 0 0 0 0 2 2 0 0 0 0 0 0 0 15 9 24 6143 114 6257 0 0 0 30162 2400 2 21890 0 0 0 0 0 0 0 0 0 0 0 0 0 0 0 0 0 0 0 0 0 298 485 173 140 89 33 13 14 6 2 108
20170711 13:28:20 11 0 14 7 0 1 0 67 25 0 0 642 916 46 582 3 1.58 1.18 0.55 2 0 1016848 531680 485168 61564 25620 221268 48600 80548 171680 16384 619116 5748 1108988 0 1108988 0 0 52 0 0 132908 12314 39 16898 0 0 0 0 24104 286 22 0 11 39 3 0 0 0 0 3 3 1 1 0 0 0 0 0 30 6 36 12287 65 12352 0 0 0 30187 2368 2 21915 0 0 0 0 0 0 0 0 0 0 0 0 0 0 0 0 0 0 0 0 0 648 394 153 121 88 34 13 14 6 2 108
20170711 13:28:30 9 0 10 3 0 0 0 78 19 0 0 480 705 25 577 1 1.56 1.19 0.56 1 0 1016848 530348 486500 61564 25620 221272 48600 80500 170484 16384 615932 5748 1108988 0 1108988 0 0 48 0 0 132908 6171 30 9921 0 0 0 0 24104 284 22 0 12 37 3 0 0 0 0 0 0 0 0 0 0 0 0 0 15 5 20 6145 56 6201 0 0 0 30163 2368 2 21891 0 0 0 0 0 0 0 0 0 0 0 0 0 0 0 0 0 0 0 0 0 905 450 154 125 84 34 13 14 6 2 108
20170711 13:28:40 11 0 13 8 0 1 0 67 25 0 0 612 908 42 578 1 1.80 1.25 0.58 1 0 1016848 530832 486016 61564 25620 221272 48600 80532 170832 16384 617080 5748 1108988 0 1108988 0 0 44 0 0 132900 12342 58 15406 0 0 0 0 24104 284 21 0 8 37 4 0 0 0 0 2 2 0 1 0 0 0 0 0 30 9 39 12288 111 12399 0 0 0 30181 2368 2 21909 0 0 0 0 0 0 0 0 0 0 0 0 0 0 0 0 0 0 0 0 0 826 435 152 118 85 35 13 14 6 2 108
20170711 13:28:50 11 1 21 3 0 0 0 64 33 0 0 805 1542 200 576 1 1.67 1.24 0.59 1 0 1016848 530416 486432 61564 25620 221280 48600 80500 170552 16384 616264 5748 1108988 0 1108988 0 0 40 0 0 132920 6171 42 56822 0 0 0 0 24104 286 23 0 9 39 4 0 0 0 0 3 2 1 1 0 0 0 0 0 15 7 22 6144 69 6213 0 0 0 30162 2368 2 21890 0 0 0 0 0 0 0 0 0 0 0 0 0 0 0 0 0 0 0 0 0 874 451 149 127 83 35 13 14 6 2 108
20170711 13:29:00 12 0 13 6 0 1 0 68 26 0 0 656 927 45 586 1 1.41 1.20 0.58 1 1 1016848 533284 483564 61564 25620 221272 48636 81028 172636 16384 621968 5748 1108988 0 1108988 0 0 40 0 0 132912 12343 60 16614 0 0 0 0 24140 289 24 0 10 42 8 0 0 0 0 4 3 1 1 0 0 0 0 0 30 10 40 12289 114 12403 0 0 0 30256 2432 2 21984 0 0 0 0 0 0 0 0 0 0 0 0 0 0 0 0 0 0 0 0 0 486 437 156 110 75 33 13 14 6 2 108
20170711 13:29:10 11 0 9 3 0 0 0 76 20 0 0 504 834 31 577 3 1.19 1.16 0.58 1 0 1016848 530444 486404 61564 25620 221284 48600 80512 170692 16384 616624 5748 1108988 0 1108988 0 0 40 0 0 132904 6170 29 12477 0 0 0 0 24104 286 24 0 8 39 5 0 0 0 0 0 0 0 0 0 0 0 0 0 15 4 19 6143 56 6199 0 0 0 30160 2368 2 21886 0 0 0 0 0 0 0 0 0 0 0 0 0 0 0 0 0 0 0 0 0 887 459 153 131 78 35 13 14 6 2 108
20170711 13:29:20 15 1 24 4 0 0 0 57 39 0 0 898 1708 224 585 4 1.09 1.14 0.58 2 1 1016848 535808 481040 61564 27412 221272 48600 80936 172624 16384 621924 5748 1108988 0 1108988 0 0 28 0 0 134680 6966 71 64776 0 0 0 0 24104 290 25 0 7 43 14 0 0 0 0 5 4 1 1 0 0 0 0 0 17 11 28 6912 124 7036 0 0 0 30222 2400 2 21948 0 0 0 0 0 0 0 0 0 0 0 0 0 0 0 0 0 0 0 0 0 314 389 152 104 54 34 13 14 6 2 108
20170711 13:29:30 9 0 11 6 0 1 0 73 21 0 0 551 807 31 577 1 0.92 1.10 0.57 1 0 1016848 530748 486100 61564 25620 221292 48608 80516 170772 16384 617200 5748 1108988 0 1108988 0 0 28 0 0 132908 11548 30 11750 0 0 0 0 24112 288 25 0 9 41 6 0 0 0 0 2 2 0 1 0 0 0 0 0 28 5 33 11521 57 11578 0 0 0 30178 2368 2 21904 0 0 0 0 0 0 0 0 0 0 0 0 0 0 0 0 0 0 0 0 0 929 396 198 123 73 34 13 14 6 2 108
20170711 13:29:40 14 1 24 4 0 0 0 57 39 0 0 901 1702 231 585 2 0.78 1.06 0.56 2 0 1016848 530516 486332 61564 23572 221292 48612 80516 171876 16384 630220 5748 1108988 0 1108988 0 0 32 0 0 131892 6197 64 66381 0 0 0 0 24112 289 26 0 10 42 7 0 0 0 0 4 3 1 1 0 0 0 0 0 15 10 25 6143 117 6261 0 0 0 30242 2400 2 21969 0 0 0 0 0 0 0 0 0 0 0 0 0 0 0 0 0 0 0 0 0 731 461 189 143 71 33 12 15 6 2 108
20170711 13:29:50 9 1 13 4 0 1 0 72 24 0 0 632 964 58 576 1 0.66 1.03 0.56 1 0 1016848 530804 486044 61564 25620 221296 48624 80524 170784 16384 617200 5748 1108988 0 1108988 0 0 28 0 0 132904 12316 40 19879 0 0 0 0 24124 289 25 0 9 42 6 0 0 0 0 5 4 1 2 0 0 0 0 0 30 6 36 12289 67 12356 0 0 0 30173 2368 2 21899 0 0 0 0 0 0 0 0 0 0 0 0 0 0 0 0 0 0 0 0 0 969 491 175 116 73 31 11 15 6 2 108
20170711 13:30:00 8 0 8 3 0 0 0 80 16 0 0 468 726 29 578 4 0.56 1.00 0.55 3 0 1016848 529620 487228 61564 23572 221296 48720 80520 171504 16384 642728 5748 1108988 0 1108988 0 0 32 0 0 131880 6188 59 11035 0 0 0 0 24220 286 24 0 11 39 7 0 0 0 0 0 0 0 0 0 0 0 0 0 15 10 25 6131 116 6246 0 0 0 30173 2368 2 21899 0 0 0 0 0 0 0 0 0 0 0 0 0 0 0 0 0 0 0 0 0 927 484 209 137 74 32 11 15 6 2 108
20170711 13:30:10 11 0 11 7 0 0 0 71 22 0 0 608 995 43 577 1 0.92 1.06 0.58 1 0 1016848 531412 485436 61564 25620 221300 48720 80536 171192 16384 618016 5748 1108988 0 1108988 0 0 24 0 0 132904 12348 40 16492 0 0 0 0 24220 286 24 0 8 39 7 0 0 0 0 0 0 0 0 0 0 0 0 0 30 6 36 12314 75 12388 0 0 0 30189 2368 2 21913 0 0 0 0 0 0 0 0 0 0 0 0 0 0 0 0 0 0 0 0 0 977 413 188 129 83 35 16 11 5 2 108
20170711 13:30:20 15 0 23 3 0 1 0 58 39 0 0 887 1637 220 581 3 1.07 1.09 0.59 2 0 1016848 532464 484384 61564 25620 221380 48708 80636 172208 16384 620632 5748 1108988 0 1108988 0 0 52 0 0 134004 6629 80 62652 0 0 0 0 24208 289 25 0 6 42 6 0 0 0 0 5 4 1 1 0 0 0 0 0 17 10 27 6561 148 6709 0 0 0 30182 2400 2 21906 0 0 0 0 0 0 0 0 0 0 0 0 0 0 0 0 0 0 0 0 0 832 402 213 111 72 39 16 11 5 2 108
20170711 13:30:30 8 0 10 8 0 0 0 74 18 0 0 514 837 38 579 2 1.07 1.09 0.60 2 0 1016848 531796 485052 61564 25620 221380 48708 80536 171328 16384 618088 5748 1108988 0 1108988 0 0 52 0 0 132980 11911 37 13412 0 0 0 0 24208 287 25 0 8 40 6 0 0 0 0 0 0 0 0 0 0 0 0 0 29 5 34 11877 71 11948 0 0 0 30203 2368 2 21927 0 0 0 0 0 0 0 0 0 0 0 0 0 0 0 0 0 0 0 0 0 819 460 186 130 73 39 16 11 5 2 108
20170711 13:30:40 9 0 9 3 0 0 0 78 19 0 0 491 714 29 576 1 0.90 1.05 0.59 1 0 1016848 531268 485580 61564 25620 221380 48708 80536 171036 16384 617272 5748 1108988 0 1108988 0 0 36 0 0 132972 6179 37 11216 0 0 0 0 24208 287 24 0 6 40 7 0 0 0 0 2 2 0 2 0 0 0 0 0 15 5 20 6145 71 6216 0 0 0 30180 2368 2 21904 0 0 0 0 0 0 0 0 0 0 0 0 0 0 0 0 0 0 0 0 0 877 471 179 138 74 39 16 11 5 2 108
20170711 13:30:50 15 0 28 3 0 1 0 53 44 0 0 1033 1902 247 580 1 0.76 1.02 0.59 1 0 1016848 532112 484736 61564 25620 221380 48708 80540 171480 16384 618088 5748 1108988 0 1108988 0 0 28 0 0 132988 12357 87 70849 0 0 0 0 24208 287 24 0 10 40 11 0 0 0 0 8 7 2 2 0 0 0 0 0 30 11 41 12289 155 12444 0 0 0 30215 2368 2 21940 0 0 0 0 0 0 0 0 0 0 0 0 0 0 0 0 0 0 0 0 0 770 433 159 132 80 39 16 11 5 2 108
20170711 13:31:00 8 0 8 3 0 0 0 80 17 0 0 468 707 29 577 3 0.87 1.03 0.60 1 0 1016848 531520 485328 61564 25620 221388 48712 80540 171144 16384 617272 5748 1108988 0 1108988 0 0 32 0 0 132980 6177 36 11054 0 0 0 0 24212 288 24 0 9 40 7 0 0 0 0 2 2 0 0 0 0 0 0 0 15 4 19 6143 70 6213 0 0 0 30182 2368 2 21906 0 0 0 0 0 0 0 0 0 0 0 0 0 0 0 0 0 0 0 0 0 928 456 180 135 78 35 16 11 5 2 108
20170711 13:31:10 12 1 14 6 0 0 0 67 27 0 0 661 1074 61 585 1 0.81 1.02 0.59 1 0 1016848 531276 485572 61564 23572 221392 48724 80552 172364 16384 619628 5748 1108988 0 1108988 0 0 36 0 0 131956 6213 77 21584 0 0 0 0 24224 290 26 0 12 42 9 0 0 0 0 4 4 1 2 0 0 0 0 0 15 10 25 6145 145 6289 0 0 0 30255 2400 2 21978 0 0 0 0 0 0 0 0 0 0 0 0 0 0 0 0 0 0 0 0 0 657 518 208 119 78 36 13 14 5 2 108
20170711 13:31:20 13 0 20 6 0 1 0 61 33 0 0 809 1396 157 577 3 0.92 1.03 0.60 2 0 1016848 532576 484272 61564 25620 221412 48716 80560 172220 16384 619488 5748 1108988 0 1108988 0 0 64 0 0 132992 12321 46 45811 0 0 0 0 24216 290 25 0 11 42 8 0 0 0 0 2 2 1 0 0 0 0 0 0 30 6 36 12287 80 12367 0 0 0 30190 2400 2 21912 0 0 0 0 0 0 0 0 0 0 0 0 0 0 0 0 0 0 0 0 0 698 433 203 116 70 35 13 14 5 2 108
20170711 13:31:30 12 0 16 3 0 0 0 68 28 0 0 692 1195 126 577 2 0.78 1.00 0.60 1 0 1016848 529624 487224 61564 23572 221404 48716 80552 171280 16384 617272 5748 1108988 0 1108988 0 0 48 0 0 131964 6213 74 37267 0 0 0 0 24216 291 26 0 11 43 7 0 0 0 0 3 3 1 1 0 0 0 0 0 15 9 24 6145 142 6287 0 0 0 30183 2368 2 21905 0 0 0 0 0 0 0 0 0 0 0 0 0 0 0 0 0 0 0 0 0 1130 566 211 128 65 35 13 14 5 2 108
20170711 13:31:40 11 0 13 7 0 1 0 69 25 0 0 612 889 43 579 2 1.36 1.11 0.64 1 0 1016848 532120 484728 61564 25620 221404 48716 80556 171652 16384 618088 5748 1108988 0 1108988 0 0 24 0 0 132988 12321 40 15536 0 0 0 0 24216 290 26 0 13 42 7 0 0 0 0 3 3 0 2 0 0 0 0 0 30 5 35 12287 74 12361 0 0 0 30199 2400 2 21921 0 0 0 0 0 0 0 0 0 0 0 0 0 0 0 0 0 0 0 0 0 950 478 184 114 66 33 13 14 5 2 108
20170711 13:31:50 16 1 30 0 0 0 0 52 47 0 0 1038 1968 282 577 2 1.31 1.11 0.64 1 0 1016848 531724 485124 61564 25620 221408 48724 80560 171324 16384 617272 5748 1108988 0 1108988 0 0 32 0 0 132996 6178 52 79492 0 0 0 0 24224 292 26 0 8 44 7 0 0 0 0 4 4 1 1 0 0 0 0 0 15 7 22 6144 86 6230 0 0 0 30188 2368 2 21910 0 0 0 0 0 0 0 0 0 0 0 0 0 0 0 0 0 0 0 0 0 1051 434 202 114 67 35 12 14 5 2 108
20170711 13:32:00 8 0 10 6 0 1 0 75 19 0 0 532 847 36 588 6 1.11 1.07 0.64 4 1 1016848 543264 473584 61564 26132 221412 48720 81084 181716 16384 633864 5748 1108988 0 1108988 0 0 40 0 0 133496 12194 71 13023 0 0 0 0 24220 289 26 0 11 42 10 0 0 0 0 1 1 0 0 0 0 0 0 0 30 9 38 12126 139 12265 0 0 0 30258 2464 2 21980 0 0 0 0 0 0 0 0 0 0 0 0 0 0 0 0 0 0 0 0 0 99 40 51 73 65 31 11 14 5 2 108
20170711 13:32:10 9 0 9 3 0 0 0 78 18 0 0 499 827 30 575 1 0.94 1.04 0.63 1 0 1016848 531796 485052 61564 25620 221416 48716 80572 171392 16384 617272 5748 1108988 0 1108988 0 0 48 0 0 132988 6337 36 12152 0 0 0 0 24216 288 25 0 9 41 8 0 0 0 0 1 1 0 0 0 0 0 0 0 15 4 20 6303 70 6372 0 0 0 30181 2368 2 21901 0 0 0 0 0 0 0 0 0 0 0 0 0 0 0 0 0 0 0 0 0 959 500 201 117 60 34 13 14 5 2 108
20170711 13:32:20 9 1 12 3 0 0 0 74 23 0 0 584 885 60 584 1 0.95 1.04 0.63 1 0 1016848 531440 485408 61564 23572 221416 48708 80576 172492 16384 619628 5748 1108988 0 1108988 0 0 28 0 0 131956 6212 79 20386 0 0 0 0 24208 289 26 0 11 42 9 0 0 0 0 3 3 1 2 0 0 0 0 0 15 10 25 6144 147 6291 0 0 0 30254 2400 2 21975 0 0 0 0 0 0 0 0 0 0 0 0 0 0 0 0 0 0 0 0 0 726 537 229 124 61 34 14 14 5 2 108
20170711 13:32:30 16 0 26 3 0 1 0 54 43 0 0 996 1946 267 576 2 0.80 1.00 0.63 1 0 1016848 531860 484988 61564 25620 221424 48728 80576 171408 16384 617272 5748 1108988 0 1108988 0 0 44 0 0 132988 12321 42 75529 0 0 0 0 24228 293 26 0 11 46 7 0 0 0 0 9 7 2 1 0 0 0 0 0 30 6 36 12287 76 12363 0 0 0 30186 2368 2 21906 0 0 0 0 0 0 0 0 0 0 0 0 0 0 0 0 0 0 0 0 0 983 526 215 134 48 29 14 14 5 2 108
20170711 13:32:40 8 0 10 3 0 0 0 78 19 0 0 501 776 36 583 1 1.05 1.05 0.65 1 0 1016848 531504 485344 61564 23572 221424 48724 80576 172480 16384 619628 5748 1108988 0 1108988 0 0 40 0 0 131960 6213 72 13439 0 0 0 0 24224 290 26 0 12 43 9 0 0 0 0 2 2 0 0 0 0 0 0 0 15 9 24 6145 140 6284 0 0 0 30241 2400 2 21962 0 0 0 0 0 0 0 0 0 0 0 0 0 0 0 0 0 0 0 0 0 800 574 253 115 55 29 15 14 5 2 108
20170711 13:32:50 11 1 13 6 0 1 0 68 26 0 0 645 950 58 576 1 1.03 1.05 0.65 1 0 1016848 531876 484972 61564 25620 221428 48720 80580 171456 16384 617412 5748 1108988 0 1108988 0 0 44 0 0 132976 12321 46 19892 0 0 0 0 24220 287 25 0 14 40 8 0 0 0 0 5 4 1 2 0 0 0 0 0 30 6 36 12287 80 12367 0 0 0 30192 2368 2 21912 0 0 0 0 0 0 0 0 0 0 0 0 0 0 0 0 0 0 0 0 0 925 521 218 133 56 29 13 14 5 2 108
20170711 13:33:00 10 0 11 4 0 0 0 75 21 0 0 550 911 72 577 4 0.87 1.01 0.64 2 0 1016848 530732 486116 61564 23572 221432 48756 80580 172400 16384 619420 5748 1108988 0 1108988 0 0 36 0 0 131956 6212 74 23007 0 0 0 0 24256 289 25 0 13 42 8 0 0 0 0 3 2 1 0 0 0 0 0 0 15 9 24 6144 142 6286 0 0 0 30176 2400 2 21896 0 0 0 0 0 0 0 0 0 0 0 0 0 0 0 0 0 0 0 0 0 921 544 259 125 57 31 14 14 5 2 108
20170711 13:33:10 16 0 26 3 0 1 0 54 43 0 0 1004 1905 233 577 2 1.22 1.08 0.67 1 0 1016848 532660 484188 61564 25620 221516 48724 80596 171920 16384 618232 5748 1108988 0 1108988 0 0 56 0 0 133052 12329 42 67779 0 0 0 0 24224 287 25 0 14 40 8 0 0 0 0 2 2 1 0 0 0 0 0 0 30 6 36 12295 76 12371 0 0 0 30201 2368 2 21919 0 0 0 0 0 0 0 0 0 0 0 0 0 0 0 0 0 0 0 0 0 841 465 242 119 53 29 14 14 5 2 108
20170711 13:33:20 15 1 28 4 0 0 0 52 44 0 0 1001 1949 282 575 1 1.41 1.13 0.69 1 0 1016848 532064 484784 61564 25620 221532 48736 80604 171612 16384 609216 5748 1108988 0 1108988 0 0 84 0 0 133040 6178 48 79631 0 0 0 0 24236 290 25 0 13 43 9 0 0 0 0 6 5 2 3 0 0 0 0 0 15 6 22 6144 82 6226 0 0 0 30190 2368 2 21908 0 0 0 0 0 0 0 0 0 0 0 0 0 0 0 0 0 0 0 0 0 889 460 219 127 56 32 14 14 5 2 108
20170711 13:33:30 10 0 12 7 0 0 0 70 23 0 0 595 885 42 577 1 1.44 1.14 0.70 1 0 1016848 532588 484260 61564 25620 221524 48720 80600 171904 16384 610032 5748 1108988 0 1108988 0 0 68 0 0 133052 12357 72 15301 0 0 0 0 24220 288 25 0 15 41 8 0 0 0 0 3 2 0 0 0 0 0 0 0 30 9 39 12289 140 12429 0 0 0 30206 2368 2 21924 0 0 0 0 0 0 0 0 0 0 0 0 0 0 0 0 0 0 0 0 0 767 449 242 110 57 31 15 14 5 2 108
20170711 13:33:40 7 0 9 4 0 0 0 80 16 0 0 471 705 27 577 6 1.22 1.10 0.69 5 0 1016848 534708 482140 61564 25620 221540 48720 80600 174480 16384 612140 5748 1108988 0 1108988 0 0 48 0 0 133040 6166 42 10328 0 0 0 0 24220 288 26 0 11 41 7 0 0 0 0 10 5 2 2 0 0 0 0 0 15 5 21 6132 76 6208 0 0 0 30185 2368 2 21903 0 0 0 0 0 0 0 0 0 0 0 0 0 0 0 0 0 0 0 0 0 217 462 227 125 57 29 15 14 5 2 108
20170711 13:33:50 9 0 10 7 0 1 0 73 20 0 0 549 862 41 586 2 1.03 1.07 0.68 2 1 1016848 535060 481788 61564 25620 221572 48716 81108 173632 16384 614560 5748 1108988 0 1108988 0 0 40 0 0 133060 11970 78 14810 0 0 0 0 24216 289 26 0 9 42 15 0 0 0 0 0 0 0 0 0 0 0 0 0 29 10 39 11902 146 12048 0 0 0 30283 2400 2 22001 0 0 0 0 0 0 0 0 0 0 0 0 0 0 0 0 0 0 0 0 0 496 491 220 122 44 30 12 14 5 2 108
20170711 13:34:00 17 1 28 3 0 0 0 50 46 0 0 1013 1937 283 577 2 0.87 1.03 0.67 1 0 1016848 532260 484588 61564 25620 221544 48716 80600 171632 16384 609216 5748 1108988 0 1108988 0 0 36 0 0 133052 6588 44 80117 0 0 0 0 24216 290 26 0 11 43 7 0 0 0 0 6 5 1 1 0 0 0 0 0 16 6 22 6554 78 6632 0 0 0 30203 2368 2 21921 0 0 0 0 0 0 0 0 0 0 0 0 0 0 0 0 0 0 0 0 0 728 480 208 127 59 30 14 13 6 2 108
20170711 13:34:10 12 0 11 4 0 0 0 73 24 0 0 547 948 39 585 3 1.14 1.08 0.69 2 1 1016848 535772 481076 61564 26132 221532 48732 81028 173776 16384 614176 5748 1108988 0 1108988 0 0 28 0 0 133416 7134 73 15351 0 0 0 0 24216 289 26 0 10 42 15 0 0 0 0 0 0 0 0 0 0 0 0 0 17 9 26 7015 141 7156 0 0 0 30254 2400 2 21969 0 0 0 0 0 0 0 0 0 0 0 0 0 0 0 0 0 0 0 0 0 365 446 203 123 50 30 10 13 6 2 108
20170711 13:34:20 8 0 10 6 0 1 0 76 18 0 0 520 824 32 576 3 0.96 1.04 0.69 1 0 1016848 532576 484272 61564 25620 221544 48732 80616 171892 16384 609216 5748 1108988 0 1108988 0 0 32 0 0 132924 11400 42 12217 0 0 0 0 24216 287 25 0 9 40 8 0 0 0 0 0 0 0 0 0 0 0 0 0 28 5 33 11418 76 11494 0 0 0 30200 2368 2 21915 0 0 0 0 0 0 0 0 0 0 0 0 0 0 0 0 0 0 0 0 0 770 491 214 128 54 29 13 13 6 2 108
20170711 13:34:30 15 1 29 3 0 0 0 51 46 0 0 1011 2027 289 582 1 1.05 1.06 0.69 1 0 1016848 532168 484680 61564 23572 221560 48752 80632 172964 16384 611572 5748 1108988 0 1108988 0 0 60 0 0 131896 6212 78 81766 0 0 0 0 24236 290 25 0 8 43 12 0 0 0 0 6 5 1 3 0 0 0 0 0 15 10 25 6144 146 6290 0 0 0 30256 2400 2 21972 0 0 0 0 0 0 0 0 0 0 0 0 0 0 0 0 0 0 0 0 0 583 496 235 132 58 30 14 13 6 2 108
20170711 13:34:40 9 0 11 6 0 1 0 74 21 0 0 542 822 35 575 4 0.89 1.03 0.69 1 0 1016848 532580 484268 61564 25620 221556 48732 80620 171896 16384 609216 5748 1108988 0 1108988 0 0 48 0 0 132936 12321 37 13045 0 0 0 0 24216 287 25 0 7 40 8 0 0 0 0 0 0 0 0 0 0 0 0 0 30 5 35 12287 71 12358 0 0 0 30190 2368 2 21905 0 0 0 0 0 0 0 0 0 0 0 0 0 0 0 0 0 0 0 0 0 823 422 205 127 58 29 14 13 6 2 108
20170711 13:34:50 9 1 12 3 0 0 0 75 22 0 0 583 882 57 588 10 0.75 0.99 0.68 10 0 1016848 532692 484156 61564 23572 221556 48740 80624 173564 16384 615528 5748 1108988 0 1108988 0 0 40 0 0 131888 6211 79 19401 0 0 0 0 24224 292 25 0 7 45 10 0 0 0 0 8 6 2 2 0 0 0 0 0 15 10 25 6143 147 6290 0 0 0 30208 2400 2 21922 0 0 0 0 0 0 0 0 0 0 0 0 0 0 0 0 0 0 0 0 0 505 507 230 137 52 30 14 13 6 2 108
20170711 13:35:00 10 0 11 7 0 1 0 71 22 0 0 579 841 37 577 2 1.20 1.08 0.71 2 0 1016848 533020 483828 61564 25620 221560 48740 80636 172212 16384 610032 5748 1108988 0 1108988 0 0 28 0 0 132916 12323 38 14052 0 0 0 0 24224 287 25 0 10 40 9 0 0 0 0 1 1 0 0 0 0 0 0 0 30 5 35 12289 72 12361 0 0 0 30211 2368 2 21926 0 0 0 0 0 0 0 0 0 0 0 0 0 0 0 0 0 0 0 0 0 851 431 226 121 46 29 14 13 6 2 108
20170711 13:35:10 12 0 10 4 0 0 0 73 23 0 0 541 872 30 575 1 1.01 1.04 0.70 1 0 1016848 530716 486132 61564 23572 221560 48740 80644 172232 16384 609216 5748 1108988 0 1108988 0 0 16 0 0 131888 6213 71 12095 0 0 0 0 24224 287 25 0 7 40 8 0 0 0 0 0 0 0 0 0 0 0 0 0 15 9 24 6145 139 6284 0 0 0 30194 2368 2 21907 0 0 0 0 0 0 0 0 0 0 0 0 0 0 0 0 0 0 0 0 0 1049 502 267 136 47 29 13 13 6 2 108
20170711 13:35:20 15 1 29 7 0 1 0 48 45 0 0 1018 1992 278 583 6 1.16 1.07 0.72 6 0 1016848 541556 475292 61564 25620 221564 48732 80648 180600 16384 620104 5748 1108988 0 1108988 0 0 44 0 0 132928 12316 49 78692 0 0 0 0 24216 290 26 0 7 43 7 0 0 0 0 5 4 1 1 0 0 0 0 0 30 7 37 12282 83 12365 0 0 0 30210 2464 2 21923 0 0 0 0 0 0 0 0 0 0 0 0 0 0 0 0 0 0 0 0 0 5 41 75 140 50 27 13 13 6 2 108
20170711 13:35:30 9 0 11 3 0 0 0 76 21 0 0 548 803 40 576 2 0.98 1.04 0.71 2 0 1016848 532780 484068 61564 25620 221564 48724 80648 172224 16384 609216 5748 1108988 0 1108988 0 0 44 0 0 132924 6180 36 13715 0 0 0 0 24208 287 25 0 10 40 9 0 0 0 0 0 0 0 0 0 0 0 0 0 15 5 20 6146 70 6216 0 0 0 30203 2368 2 21916 0 0 0 0 0 0 0 0 0 0 0 0 0 0 0 0 0 0 0 0 0 851 475 221 134 47 27 13 13 6 2 108
20170711 13:35:40 11 0 13 7 0 1 0 69 25 0 0 626 904 42 580 2 0.83 1.00 0.70 1 0 1016848 533412 483436 61564 25620 221588 48724 80656 172568 16384 610032 5748 1108988 0 1108988 0 0 40 0 0 132932 12356 72 15535 0 0 0 0 24208 289 25 0 8 42 12 0 0 0 0 3 2 0 2 0 0 0 0 0 30 9 39 12288 140 12428 0 0 0 30238 2368 2 21952 0 0 0 0 0 0 0 0 0 0 0 0 0 0 0 0 0 0 0 0 0 699 444 217 129 50 29 13 13 6 2 108
20170711 13:35:50 15 0 26 0 0 0 0 59 41 0 0 967 1843 261 576 1 0.70 0.97 0.69 1 0 1016848 532928 483920 61564 25620 221568 48760 80652 172256 16384 609216 5748 1108988 0 1108988 0 0 28 0 0 132924 6179 54 73503 0 0 0 0 24244 292 25 0 4 45 8 0 0 0 0 7 6 2 2 0 0 0 0 0 15 7 22 6145 88 6232 0 0 0 30202 2368 2 21915 0 0 0 0 0 0 0 0 0 0 0 0 0 0 0 0 0 0 0 0 0 832 468 230 139 46 29 11 13 6 2 108
20170711 13:36:00 8 0 10 4 0 0 0 77 19 0 0 496 808 38 584 3 0.60 0.94 0.68 2 1 1016848 535472 481376 61564 25620 221572 48732 81076 174208 16384 614176 5748 1108988 0 1108988 0 0 32 0 0 132944 7850 72 14129 0 0 0 0 24216 289 25 0 9 42 11 0 0 0 0 3 2 0 0 0 0 0 0 0 19 9 28 7782 140 7922 0 0 0 30276 2400 2 21989 0 0 0 0 0 0 0 0 0 0 0 0 0 0 0 0 0 0 0 0 0 460 438 193 130 41 28 13 13 6 2 108
20170711 13:36:10 10 1 13 5 0 1 0 70 25 0 0 616 1048 57 576 1 0.50 0.91 0.68 1 0 1016848 533236 483612 61564 25620 221580 48732 80672 172608 16384 609216 5748 1108988 0 1108988 0 0 52 0 0 132912 10683 39 20331 0 0 0 0 24216 287 25 0 12 40 8 0 0 0 0 6 5 1 2 0 0 0 0 0 26 5 31 10649 73 10721 0 0 0 30206 2368 2 21917 0 0 0 0 0 0 0 0 0 0 0 0 0 0 0 0 0 0 0 0 0 843 480 212 140 45 30 10 13 6 2 108
20170711 13:36:20 14 0 24 4 0 0 0 58 39 0 0 905 1841 266 582 1 0.50 0.89 0.68 1 0 1016848 532836 484012 61564 23572 221576 48720 80680 173672 16384 611572 5748 1108988 0 1108988 0 0 20 0 0 131904 6213 82 74860 0 0 0 0 24204 290 26 0 12 43 9 0 0 0 0 3 2 1 0 0 0 0 0 0 15 11 26 6145 150 6295 0 0 0 30246 2400 2 21958 0 0 0 0 0 0 0 0 0 0 0 0 0 0 0 0 0 0 0 0 0 619 540 230 136 43 30 13 13 6 2 108
20170711 13:36:30 10 0 12 6 0 1 0 72 22 0 0 586 853 38 577 2 0.42 0.86 0.67 1 0 1016848 533328 483520 61564 25620 221588 48708 80680 172620 16384 609216 5748 1108988 0 1108988 0 0 40 0 0 132928 12322 38 14249 0 0 0 0 24192 288 26 0 12 41 7 0 0 0 0 4 3 1 1 0 0 0 0 0 30 5 35 12288 72 12360 0 0 0 30201 2368 2 21912 0 0 0 0 0 0 0 0 0 0 0 0 0 0 0 0 0 0 0 0 0 872 464 215 128 45 26 13 13 6 2 108
20170711 13:36:40 9 0 12 3 0 0 0 75 22 0 0 556 898 55 595 9 0.36 0.83 0.66 9 0 1016848 535916 480932 61564 23572 221624 48744 80992 175952 16384 619332 5748 1108988 0 1108988 0 0 92 0 0 131888 6211 75 19129 0 0 0 0 24228 292 27 0 11 45 8 0 0 0 0 8 7 2 2 0 0 0 0 0 15 10 25 6143 143 6286 0 0 0 30219 2464 2 21923 0 0 0 0 0 0 0 0 0 0 0 0 0 0 0 0 0 0 0 0 0 19 405 243 134 43 32 13 13 6 2 108
20170711 13:36:50 15 0 27 5 0 1 0 51 43 0 0 984 1968 270 576 2 0.54 0.86 0.67 1 0 1016848 533404 483444 61564 25620 221596 48708 80692 172684 16384 609592 5748 1108988 0 1108988 0 0 32 0 0 132928 12324 48 75988 0 0 0 0 24188 289 26 0 11 42 7 0 0 0 0 2 2 0 0 0 0 0 0 0 30 6 36 12290 82 12372 0 0 0 30207 2368 2 21912 0 0 0 0 0 0 0 0 0 0 0 0 0 0 0 0 0 0 0 0 0 853 412 246 120 34 33 13 13 6 2 108
20170711 13:37:00 11 0 10 3 0 0 0 75 21 0 0 518 753 30 583 6 0.46 0.83 0.66 5 0 1016848 543872 472976 61564 23572 221604 48708 81416 184764 16384 625652 5748 1108988 0 1108988 0 0 40 0 0 131888 6210 73 11630 0 0 0 0 24188 291 27 0 10 44 6 0 0 0 0 4 3 1 2 0 0 0 0 0 15 9 24 6142 141 6283 0 0 0 30211 2432 2 21916 0 0 0 0 0 0 0 0 0 0 0 0 0 0 0 0 0 0 0 0 0 228 135 77 45 29 32 14 14 5 2 108
20170711 13:37:10 15 0 28 4 0 1 0 52 44 0 0 1012 2078 270 577 2 0.63 0.85 0.67 2 0 1016848 534088 482760 61564 25620 221616 48712 80704 173340 16384 610408 5748 1108988 0 1108988 0 0 68 0 0 132916 12324 41 76574 0 0 0 0 24192 290 26 0 10 43 7 0 0 0 0 3 2 1 0 0 0 0 0 0 30 6 36 12290 75 12366 0 0 0 30217 2400 2 21920 0 0 0 0 0 0 0 0 0 0 0 0 0 0 0 0 0 0 0 0 0 708 451 212 127 38 34 11 13 6 2 108
20170711 13:37:20 9 0 11 3 0 0 0 76 21 0 0 516 746 32 577 4 0.53 0.82 0.67 1 0 1016848 533688 483160 61564 25620 221608 48708 80696 173008 16384 609592 5748 1108988 0 1108988 0 0 48 0 0 132924 6177 48 12531 0 0 0 0 24188 288 26 0 12 41 7 0 0 0 0 2 2 1 1 0 0 0 0 0 15 6 21 6143 82 6225 0 0 0 30209 2368 2 21912 0 0 0 0 0 0 0 0 0 0 0 0 0 0 0 0 0 0 0 0 0 774 450 215 124 41 34 11 13 6 2 108
20170711 13:37:30 10 0 12 6 0 1 0 72 22 0 0 568 892 41 586 1 0.45 0.80 0.66 1 1 1016848 536496 480352 61564 25620 221640 48708 81168 175012 16384 614936 5748 1108988 0 1108988 0 0 28 0 0 132932 11539 74 14801 0 0 0 0 24188 290 26 0 10 43 15 0 0 0 0 2 2 0 2 0 0 0 0 0 28 9 37 11471 142 11614 0 0 0 30273 2400 2 21976 0 0 0 0 0 0 0 0 0 0 0 0 0 0 0 0 0 0 0 0 0 380 411 211 114 37 32 11 13 6 2 108
20170711 13:37:40 15 1 27 2 0 0 0 55 43 0 0 983 1960 283 577 2 0.68 0.84 0.67 1 0 1016848 533720 483128 61564 25620 221608 48716 80700 173004 16384 609592 5748 1108988 0 1108988 0 0 28 0 0 132928 6998 45 79889 0 0 0 0 24196 290 26 0 9 43 7 0 0 0 0 4 3 1 1 0 0 0 0 0 17 7 24 6964 79 7043 0 0 0 30210 2368 2 21913 0 0 0 0 0 0 0 0 0 0 0 0 0 0 0 0 0 0 0 0 0 828 493 233 115 50 31 8 13 6 2 108
20170711 13:37:50 9 0 10 3 0 0 0 77 19 0 0 507 811 37 587 5 0.57 0.81 0.67 5 0 1016848 533472 483376 61564 23572 221608 48708 80704 174408 16384 613456 5748 1108988 0 1108988 0 0 32 0 0 131908 6208 80 13570 0 0 0 0 24188 289 26 0 10 42 9 0 0 0 0 0 0 0 0 0 0 0 0 0 15 10 25 6140 148 6288 0 0 0 30260 2400 2 21964 0 0 0 0 0 0 0 0 0 0 0 0 0 0 0 0 0 0 0 0 0 604 514 249 129 44 28 10 14 6 2 108
20170711 13:38:00 11 1 14 7 0 1 0 66 27 0 0 653 941 51 579 4 0.48 0.78 0.66 4 0 1016848 534260 482588 61564 25620 221612 48708 80708 173692 16384 611388 5748 1108988 0 1108988 0 0 36 0 0 132928 12328 38 18104 0 0 0 0 24188 290 26 0 10 43 7 0 0 0 0 4 4 1 2 0 0 0 0 0 30 5 35 12294 72 12367 0 0 0 30207 2400 2 21910 0 0 0 0 0 0 0 0 0 0 0 0 0 0 0 0 0 0 0 0 0 689 427 253 107 43 30 10 14 6 2 108
20170711 13:38:10 12 0 11 4 0 0 0 73 24 0 0 567 919 43 584 2 0.48 0.77 0.66 2 0 1016848 533660 483188 61564 23572 221612 48716 80720 174420 16384 611948 5748 1108988 0 1108988 0 0 24 0 0 131888 6213 74 16124 0 0 0 0 24196 289 26 0 10 42 9 0 0 0 0 0 0 0 0 0 0 0 0 0 15 9 24 6145 142 6286 0 0 0 30285 2400 2 21980 0 0 0 0 0 0 0 0 0 0 0 0 0 0 0 0 0 0 0 0 0 517 502 264 118 48 27 11 14 6 2 108
20170711 13:38:20 12 0 14 6 0 1 0 67 27 0 0 646 1038 76 576 3 0.41 0.75 0.65 2 0 1016848 534764 482084 61564 25620 221632 48752 80724 173948 16384 611232 5748 1108988 0 1108988 0 0 44 0 0 132924 12322 46 24332 0 0 0 0 24232 288 25 0 9 41 8 0 0 0 0 1 1 0 0 0 0 0 0 0 30 6 36 12288 80 12368 0 0 0 30195 2400 2 21889 0 0 0 0 0 0 0 0 0 0 0 0 0 0 0 0 0 0 0 0 0 557 444 234 116 44 25 12 14 6 2 108
20170711 13:38:30 15 0 23 3 0 0 0 58 38 0 0 853 1637 216 578 8 0.35 0.72 0.65 6 0 1016848 543808 473040 61564 23572 221620 48720 81400 184980 16384 622676 5748 1108988 0 1108988 0 0 44 0 0 131892 6208 74 60861 0 0 0 0 24200 290 26 0 9 43 7 0 0 0 0 4 3 1 1 0 0 0 0 0 15 9 24 6140 142 6282 0 0 0 30206 2432 2 21900 0 0 0 0 0 0 0 0 0 0 0 0 0 0 0 0 0 0 0 0 0 146 115 66 47 54 23 13 13 6 2 108
20170711 13:38:40 15 1 29 3 0 1 0 51 45 0 0 1069 2076 294 577 1 0.53 0.75 0.65 1 0 1016848 534596 482252 61564 25620 221636 48740 80732 173680 16384 610408 5748 1108988 0 1108988 0 0 60 0 0 132912 12331 45 83210 0 0 0 0 24220 289 25 0 9 42 8 0 0 0 0 6 5 1 3 0 0 0 0 0 30 7 37 12297 79 12376 0 0 0 30234 2368 2 21928 0 0 0 0 0 0 0 0 0 0 0 0 0 0 0 0 0 0 0 0 0 649 431 228 114 43 26 12 14 6 2 108
20170711 13:38:50 8 0 8 3 0 0 0 80 17 0 0 454 693 28 575 1 0.45 0.72 0.65 1 0 1016848 534032 482816 61564 25620 221624 48712 80724 173344 16384 609592 5748 1108988 0 1108988 0 0 36 0 0 132924 6179 45 10836 0 0 0 0 24192 287 25 0 8 40 8 0 0 0 0 0 0 0 0 0 0 0 0 0 15 6 21 6145 79 6224 0 0 0 30212 2368 2 21906 0 0 0 0 0 0 0 0 0 0 0 0 0 0 0 0 0 0 0 0 0 676 444 222 124 49 28 10 14 6 2 108
20170711 13:39:00 11 0 13 6 0 1 0 68 25 0 0 645 956 46 578 1 0.38 0.70 0.64 1 0 1016848 534716 482132 61564 25620 221632 48700 80728 173668 16384 610408 5748 1108988 0 1108988 0 0 36 0 0 132908 12356 76 16967 0 0 0 0 24180 290 24 0 9 43 13 0 0 0 0 5 4 1 2 0 0 0 0 0 30 10 40 12288 144 12432 0 0 0 30241 2368 2 21936 0 0 0 0 0 0 0 0 0 0 0 0 0 0 0 0 0 0 0 0 0 645 416 234 117 44 26 11 14 6 2 108
20170711 13:39:10 12 0 10 4 0 0 0 74 22 0 0 528 824 30 574 1 0.32 0.68 0.63 1 0 1016848 534384 482464 61564 25620 221640 48700 80728 173664 16384 609592 5748 1108988 0 1108988 0 0 28 0 0 132912 6178 40 12245 0 0 0 0 24180 286 24 0 9 39 9 0 0 0 0 0 0 0 0 0 0 0 0 0 15 5 20 6144 74 6218 0 0 0 30209 2368 2 21901 0 0 0 0 0 0 0 0 0 0 0 0 0 0 0 0 0 0 0 0 0 710 427 226 113 44 28 11 14 6 2 108
20170711 13:39:20 15 0 26 2 0 1 0 55 43 0 0 990 1945 274 584 2 0.27 0.65 0.63 2 0 1016848 536036 480812 61564 25620 221628 48712 80736 174712 16384 611600 5748 1108988 0 1108988 0 0 56 0 0 132940 9488 83 77851 0 0 0 0 24192 292 25 0 8 44 12 0 0 0 0 5 4 1 1 0 0 0 0 0 23 11 34 9420 151 9571 0 0 0 30282 2400 2 21975 0 0 0 0 0 0 0 0 0 0 0 0 0 0 0 0 0 0 0 0 0 515 456 217 121 41 24 11 13 6 2 108
20170711 13:39:30 9 0 10 5 0 0 0 76 19 0 0 527 782 30 577 2 0.23 0.63 0.62 1 0 1016848 534532 482316 61564 25620 221648 48712 80732 173708 16384 609592 5748 1108988 0 1108988 0 0 56 0 0 132904 9045 36 11449 0 0 0 0 24192 291 25 0 11 43 8 0 0 0 0 4 5 1 2 0 0 0 0 0 22 4 26 9011 70 9081 0 0 0 30223 2368 2 21915 0 0 0 0 0 0 0 0 0 0 0 0 0 0 0 0 0 0 0 0 0 741 457 234 105 42 28 12 13 6 2 108
20170711 13:39:40 17 1 29 0 0 0 0 52 48 0 0 1032 1983 289 583 1 1.02 0.79 0.67 1 0 1016848 534236 482612 61564 23572 221648 48736 80740 174808 16384 611948 5748 1108988 0 1108988 0 0 56 0 0 131900 6205 72 81669 0 0 0 0 24216 292 25 0 11 44 10 0 0 0 0 6 6 1 1 0 0 0 0 0 15 10 25 6145 133 6277 0 0 0 30276 2400 2 21969 0 0 0 0 0 0 0 0 0 0 0 0 0 0 0 0 0 0 0 0 0 623 537 263 108 55 26 10 12 6 2 108
20170711 13:39:50 10 0 11 6 0 1 0 72 22 0 0 577 806 31 580 7 0.86 0.77 0.67 7 0 1016848 545136 471712 61564 25620 221648 48724 81208 184144 16384 621636 5748 1108988 0 1108988 0 0 24 0 0 132924 12312 36 11298 0 0 0 0 24204 288 25 0 12 40 8 0 0 0 0 0 1 0 0 0 0 0 0 0 30 5 35 12286 62 12348 0 0 0 30207 2432 2 21899 0 0 0 0 0 0 0 0 0 0 0 0 0 0 0 0 0 0 0 0 0 84 27 39 70 49 26 10 13 6 2 108
20170711 13:40:00 9 0 10 5 0 0 0 76 19 0 0 476 744 27 575 1 0.73 0.74 0.66 1 0 1016848 532456 484392 61564 23572 221652 48716 80752 173712 16384 609592 5748 1108988 0 1108988 0 0 28 0 0 131904 6213 70 10246 0 0 0 0 24196 288 24 0 12 40 9 0 0 0 0 1 2 0 0 0 0 0 0 0 15 9 24 6145 138 6284 0 0 0 30210 2368 2 21902 0 0 0 0 0 0 0 0 0 0 0 0 0 0 0 0 0 0 0 0 0 940 571 277 105 47 27 10 13 6 2 108
20170711 13:40:10 10 1 15 7 0 1 0 67 26 0 0 657 1093 67 579 2 1.00 0.80 0.68 1 0 1016848 535244 481604 61564 25620 221664 48716 80764 174344 16384 610408 5748 1108988 0 1108988 0 0 52 0 0 132904 12321 40 23530 0 0 0 0 24196 290 25 0 10 42 8 0 0 0 0 3 3 1 2 0 0 0 0 0 30 5 35 12287 74 12361 0 0 0 30249 2400 2 21939 0 0 0 0 0 0 0 0 0 0 0 0 0 0 0 0 0 0 0 0 0 660 479 232 104 44 25 11 13 6 2 108
20170711 13:40:20 12 0 13 3 0 0 0 71 25 0 0 566 906 65 576 3 0.84 0.77 0.67 3 0 1016848 535568 481280 61564 25620 221664 48716 80764 174664 16384 611200 5748 1108988 0 1108988 0 0 8 0 0 132904 6177 51 20937 0 0 0 0 24196 289 25 0 9 42 8 0 0 0 0 3 3 1 0 0 0 0 0 0 15 7 22 6143 85 6227 0 0 0 30208 2400 2 21898 0 0 0 0 0 0 0 0 0 0 0 0 0 0 0 0 0 0 0 0 0 586 475 235 99 44 26 11 13 6 2 108
20170711 13:40:30 15 1 27 6 0 1 0 49 44 0 0 1053 1950 259 581 1 0.71 0.75 0.67 1 0 1016848 535424 481424 61564 25620 221668 48724 80768 174356 16384 610408 5748 1108988 0 1108988 0 0 36 0 0 132916 12360 76 73981 0 0 0 0 24204 291 26 0 6 44 10 0 0 0 0 2 2 1 1 0 0 0 0 0 30 10 40 12292 144 12436 0 0 0 30265 2400 2 21956 0 0 0 0 0 0 0 0 0 0 0 0 0 0 0 0 0 0 0 0 0 670 457 227 107 41 26 11 13 6 2 108
20170711 13:40:40 9 0 9 4 0 0 0 79 18 0 0 487 712 29 575 2 0.60 0.72 0.66 1 0 1016848 533552 483296 61564 25620 221668 48716 80588 173032 16384 608004 5748 1108988 0 1108988 0 0 36 0 0 132916 6177 36 11214 0 0 0 0 24204 286 25 0 9 40 8 0 0 0 0 0 0 0 0 0 0 0 0 0 15 4 19 6143 70 6213 0 0 0 30203 2336 2 21894 0 0 0 0 0 0 0 0 0 0 0 0 0 0 0 0 0 0 0 0 0 820 540 249 111 43 26 11 13 6 2 108
20170711 13:40:50 12 1 18 2 0 1 0 67 30 0 0 762 1315 140 586 4 0.75 0.75 0.67 2 1 1016848 538380 478468 61564 25620 221716 48744 81204 176696 16384 615504 5748 1108988 0 1108988 0 0 60 0 0 132948 9489 83 42275 0 0 0 0 24232 294 26 0 7 47 10 0 0 0 0 11 10 2 4 0 0 0 0 0 23 11 34 9421 151 9572 0 0 0 30292 2432 2 21982 0 0 0 0 0 0 0 0 0 0 0 0 0 0 0 0 0 0 0 0 0 87 526 244 104 38 23 8 13 6 2 108
20170711 13:41:00 13 0 20 3 0 0 0 63 33 0 0 805 1517 183 576 1 0.64 0.72 0.66 1 0 1016848 534936 481912 61564 25620 221672 48724 80776 174048 16384 609592 5748 1108988 0 1108988 0 0 20 0 0 132920 9046 41 52432 0 0 0 0 24212 288 26 0 12 41 7 0 0 0 0 1 1 0 0 0 0 0 0 0 22 5 27 9012 75 9087 0 0 0 30212 2368 2 21902 0 0 0 0 0 0 0 0 0 0 0 0 0 0 0 0 0 0 0 0 0 696 543 211 104 46 24 9 14 6 2 108
20170711 13:41:10 12 0 13 3 0 0 0 72 25 0 0 594 945 40 583 3 1.52 0.91 0.72 1 0 1016848 534904 481944 61572 23572 221688 48728 80812 175580 16384 611948 5748 1108988 0 1108988 0 0 44 0 0 131876 6211 73 15904 0 0 0 0 24216 292 26 0 13 45 9 0 0 0 0 6 5 1 2 0 0 0 0 0 15 9 24 6143 141 6285 0 0 0 30284 2400 2 21973 0 0 0 0 0 0 0 0 0 0 0 0 0 0 0 0 0 0 0 0 0 560 586 273 120 38 24 8 13 6 2 108
20170711 13:41:20 10 0 11 6 0 1 0 73 21 0 0 554 786 31 579 9 1.29 0.88 0.72 8 0 1016848 544608 472240 61564 25620 221684 48712 80792 183724 16384 631928 5748 1108988 0 1108988 0 0 48 0 0 132900 12308 38 11367 0 0 0 0 24200 288 26 0 14 41 7 0 0 0 0 1 1 0 0 0 0 0 0 0 30 5 35 12274 72 12347 0 0 0 30204 2400 2 21892 0 0 0 0 0 0 0 0 0 0 0 0 0 0 0 0 0 0 0 0 0 55 37 54 112 43 25 8 13 6 2 108
20170711 13:41:30 14 0 26 4 0 0 0 56 40 0 0 923 1843 261 577 2 1.31 0.90 0.72 1 0 1016848 533276 483572 61564 23572 221692 48720 80792 174512 16384 609592 5748 1108988 0 1108988 0 0 48 0 0 131888 6219 78 73309 0 0 0 0 24208 290 26 0 15 43 7 0 0 0 0 6 5 1 1 0 0 0 0 0 15 10 25 6151 146 6297 0 0 0 30227 2368 2 21915 0 0 0 0 0 0 0 0 0 0 0 0 0 0 0 0 0 0 0 0 0 685 588 299 112 47 25 9 13 6 2 108
20170711 13:41:40 10 0 11 7 0 1 0 71 22 0 0 562 858 42 579 1 1.11 0.87 0.72 1 0 1016848 535820 481028 61564 25620 221696 48716 80796 174824 16384 610408 5748 1108988 0 1108988 0 0 36 0 0 132916 12322 39 15397 0 0 0 0 24204 288 26 0 15 41 7 0 0 0 0 0 0 0 0 0 0 0 0 0 30 5 35 12288 73 12361 0 0 0 30242 2368 2 21930 0 0 0 0 0 0 0 0 0 0 0 0 0 0 0 0 0 0 0 0 0 531 503 239 113 44 24 9 13 6 2 108
20170711 13:41:50 8 0 9 3 0 0 0 79 17 0 0 471 753 29 576 1 1.23 0.91 0.73 1 0 1016848 533260 483588 61564 23572 221696 48712 80792 174524 16384 609592 5748 1108988 0 1108988 0 0 32 0 0 131876 6213 78 10972 0 0 0 0 24200 288 25 0 14 41 8 0 0 0 0 2 2 0 2 0 0 0 0 0 15 9 24 6145 146 6291 0 0 0 30223 2368 2 21911 0 0 0 0 0 0 0 0 0 0 0 0 0 0 0 0 0 0 0 0 0 677 594 277 113 46 26 8 14 6 2 108
20170711 13:42:00 16 1 29 3 0 1 0 50 46 0 0 1071 2068 295 577 2 1.12 0.90 0.73 2 0 1016848 535820 481028 61564 25620 221700 48716 80804 174836 16384 610408 5748 1108988 0 1108988 0 0 40 0 0 132920 12321 44 83680 0 0 0 0 24204 288 25 0 9 41 8 0 0 0 0 4 3 1 1 0 0 0 0 0 30 6 36 12287 78 12365 0 0 0 30233 2368 2 21921 0 0 0 0 0 0 0 0 0 0 0 0 0 0 0 0 0 0 0 0 0 531 507 255 102 41 22 9 14 6 2 108
20170711 13:42:10 12 1 12 1 0 0 0 74 25 0 0 611 928 53 576 1 0.95 0.87 0.72 1 0 1016848 535632 481216 61564 25620 221700 48716 80804 174772 16384 609592 5748 1108988 0 1108988 0 0 36 0 0 132904 6178 40 19367 0 0 0 0 24204 289 25 0 10 42 8 0 0 0 0 4 4 1 2 0 0 0 0 0 15 5 20 6144 74 6218 0 0 0 30232 2368 2 21918 0 0 0 0 0 0 0 0 0 0 0 0 0 0 0 0 0 0 0 0 0 578 499 247 102 46 23 8 14 6 2 108
20170711 13:42:20 10 0 11 6 0 0 0 74 21 0 0 565 874 41 585 3 0.81 0.84 0.71 2 1 1016848 538396 478452 61564 25620 221700 48716 81280 176788 16384 614936 5748 1108988 0 1108988 0 0 32 0 0 132904 12356 74 15044 0 0 0 0 24204 288 25 0 8 41 11 0 0 0 0 0 0 0 0 0 0 0 0 0 30 9 39 12288 142 12430 0 0 0 30318 2400 2 22004 0 0 0 0 0 0 0 0 0 0 0 0 0 0 0 0 0 0 0 0 0 201 493 251 89 45 19 7 14 6 2 108
20170711 13:42:30 9 0 8 4 0 0 0 79 17 0 0 485 704 30 575 1 0.68 0.81 0.70 1 0 1016848 535580 481268 61564 25620 221700 48716 80808 174772 16384 609592 5748 1108988 0 1108988 0 0 32 0 0 132904 6179 36 11330 0 0 0 0 24204 286 24 0 8 39 9 0 0 0 0 0 0 0 0 0 0 0 0 0 15 5 20 6145 70 6215 0 0 0 30228 2368 2 21914 0 0 0 0 0 0 0 0 0 0 0 0 0 0 0 0 0 0 0 0 0 611 511 259 99 50 21 7 14 6 2 108
20170711 13:42:40 14 0 23 4 0 0 0 59 37 0 0 850 1677 229 584 3 1.21 0.92 0.74 2 1 1016848 539344 477504 61564 25620 221716 48716 81236 177872 16384 617248 5748 1108988 0 1108988 0 0 60 0 0 132936 8668 74 65266 0 0 0 0 24204 289 25 0 6 42 16 0 0 0 0 2 2 0 0 0 0 0 0 0 21 9 30 8600 142 8741 0 0 0 30264 2432 2 21950 0 0 0 0 0 0 0 0 0 0 0 0 0 0 0 0 0 0 0 0 0 78 459 244 97 53 18 6 13 6 2 108
20170711 13:42:50 11 0 14 3 0 1 0 71 25 0 0 649 1001 75 575 1 1.02 0.89 0.73 1 0 1016848 535536 481312 61564 25620 221704 48716 80812 174780 16384 609592 5748 1108988 0 1108988 0 0 36 0 0 132912 9865 48 24047 0 0 0 0 24204 287 25 0 8 40 8 0 0 0 0 4 3 1 1 0 0 0 0 0 24 6 30 9831 82 9914 0 0 0 30218 2368 2 21904 0 0 0 0 0 0 0 0 0 0 0 0 0 0 0 0 0 0 0 0 0 787 497 228 109 50 20 8 13 6 2 108
20170711 13:43:00 7 0 8 6 0 1 0 79 16 0 0 465 729 31 583 6 1.24 0.94 0.75 4 0 1016848 536612 480236 61564 23572 221712 48716 80816 177640 16384 615700 5748 1108988 0 1108988 0 0 36 0 0 131880 6211 72 11238 0 0 0 0 24204 288 24 0 7 41 11 0 0 0 0 2 2 0 2 0 0 0 0 0 15 9 24 6143 140 6283 0 0 0 30275 2400 2 21962 0 0 0 0 0 0 0 0 0 0 0 0 0 0 0 0 0 0 0 0 0 125 532 291 119 45 18 8 14 6 2 108
20170711 13:43:10 20 1 31 6 0 1 0 41 53 0 0 1151 2169 289 576 1 1.67 1.04 0.79 1 0 1016848 535460 481388 61564 25620 221716 48716 80828 174792 16384 609592 5748 1108988 0 1108988 0 0 56 0 0 132920 12324 43 82408 0 0 0 0 24204 288 25 0 9 41 8 0 0 0 0 4 4 1 1 0 0 0 0 0 30 6 36 12290 77 12367 0 0 0 30234 2368 2 21918 0 0 0 0 0 0 0 0 0 0 0 0 0 0 0 0 0 0 0 0 0 611 528 245 115 53 19 6 14 6 2 108
20170711 13:43:20 10 0 9 3 0 0 0 77 20 0 0 521 738 29 576 1 1.42 1.01 0.78 1 0 1016848 533384 483464 61564 23572 221716 48708 80824 174784 16384 609592 5748 1108988 0 1108988 0 0 40 0 0 131892 6211 74 11080 0 0 0 0 24196 288 25 0 8 41 8 0 0 0 0 1 1 0 0 0 0 0 0 0 15 9 24 6143 142 6286 0 0 0 30233 2368 2 21917 0 0 0 0 0 0 0 0 0 0 0 0 0 0 0 0 0 0 0 0 0 742 590 295 111 55 19 7 14 6 2 108
20170711 13:43:30 11 0 12 6 0 1 0 69 25 0 0 643 896 44 578 2 1.28 0.99 0.77 1 0 1016848 535948 480900 61564 25620 221728 48712 80836 175108 16384 610408 5748 1108988 0 1108988 0 0 56 0 0 132912 12323 40 16213 0 0 0 0 24200 289 26 0 12 42 7 0 0 0 0 8 7 2 3 0 0 0 0 0 30 5 35 12289 74 12363 0 0 0 30241 2368 2 21925 0 0 0 0 0 0 0 0 0 0 0 0 0 0 0 0 0 0 0 0 0 631 553 244 101 52 15 9 13 6 2 108
20170711 13:43:40 17 0 29 1 0 0 0 53 46 0 0 1015 1835 261 576 2 1.52 1.05 0.80 1 0 1016848 535580 481268 61564 25620 221732 48740 80832 174788 16384 609592 5748 1108988 0 1108988 0 0 48 0 0 132912 6177 43 73745 0 0 0 0 24228 292 26 0 13 45 7 0 0 0 0 7 6 2 1 0 0 0 0 0 15 6 21 6143 77 6221 0 0 0 30229 2368 2 21913 0 0 0 0 0 0 0 0 0 0 0 0 0 0 0 0 0 0 0 0 0 763 537 246 91 44 19 8 14 6 2 108
20170711 13:43:50 10 0 12 7 0 1 0 70 23 0 0 579 897 42 580 2 1.36 1.04 0.79 1 0 1016848 536252 480596 61564 25620 221732 48728 80836 175132 16384 610408 5748 1108988 0 1108988 0 0 40 0 0 132912 12356 80 15290 0 0 0 0 24216 289 26 0 13 42 11 0 0 0 0 1 1 0 0 0 0 0 0 0 30 10 40 12288 148 12436 0 0 0 30252 2368 2 21937 0 0 0 0 0 0 0 0 0 0 0 0 0 0 0 0 0 0 0 0 0 608 503 285 85 47 20 6 14 6 2 108
20170711 13:44:00 16 1 26 0 0 0 0 57 43 0 0 977 1902 281 577 1 1.55 1.08 0.81 1 0 1016848 535536 481312 61564 25620 221736 48732 80836 174800 16384 609592 5748 1108988 0 1108988 0 0 32 0 0 132920 6179 44 79024 0 0 0 0 24216 293 27 0 12 46 6 0 0 0 0 7 7 2 3 0 0 0 0 0 15 6 21 6145 78 6223 0 0 0 30230 2368 2 21914 0 0 0 0 0 0 0 0 0 0 0 0 0 0 0 0 0 0 0 0 0 746 563 210 106 52 15 6 13 7 2 108
20170711 13:44:10 12 0 12 4 0 0 0 71 24 0 0 577 946 40 584 2 1.31 1.05 0.80 1 1 1016848 538292 478556 61564 25620 221772 48732 81260 176744 16384 614552 5748 1108988 0 1108988 0 0 40 0 0 132948 8669 71 15433 0 0 0 0 24216 289 26 0 15 42 10 0 0 0 0 0 0 0 0 0 0 0 0 0 21 9 30 8601 139 8740 0 0 0 30306 2400 2 21988 0 0 0 0 0 0 0 0 0 0 0 0 0 0 0 0 0 0 0 0 0 471 521 235 81 38 19 4 13 7 2 108
20170711 13:44:20 7 0 9 6 0 1 0 79 16 0 0 479 748 27 579 2 1.11 1.01 0.79 1 0 1016848 536012 480836 61564 25620 221740 48732 80848 175292 16384 610320 5748 1108988 0 1108988 0 0 32 0 0 132916 9862 41 9887 0 0 0 0 24216 290 27 0 14 43 6 0 0 0 0 1 1 0 0 0 0 0 0 0 24 5 29 9828 75 9903 0 0 0 30221 2368 2 21903 0 0 0 0 0 0 0 0 0 0 0 0 0 0 0 0 0 0 0 0 0 626 548 221 105 42 18 7 13 7 2 108
20170711 13:44:30 9 0 11 3 0 0 0 76 20 0 0 531 812 39 584 1 1.02 1.00 0.79 1 0 1016848 535036 481812 61564 23572 221744 48728 80852 175916 16384 611948 5748 1108988 0 1108988 0 0 36 0 0 131884 6213 75 14644 0 0 0 0 24212 289 26 0 13 42 9 0 0 0 0 4 3 1 2 0 0 0 0 0 15 10 25 6145 143 6288 0 0 0 30284 2400 2 21967 0 0 0 0 0 0 0 0 0 0 0 0 0 0 0 0 0 0 0 0 0 473 600 285 111 47 15 7 13 7 2 108
20170711 13:44:40 15 0 28 6 0 1 0 50 44 0 0 990 1927 268 577 1 0.86 0.97 0.78 1 0 1016848 535572 481276 61564 25620 221756 48728 80856 174820 16384 609592 5748 1108988 0 1108988 0 0 52 0 0 132912 12322 43 76226 0 0 0 0 24212 291 26 0 13 44 7 0 0 0 0 6 4 1 1 0 0 0 0 0 30 6 36 12288 77 12365 0 0 0 30226 2368 2 21908 0 0 0 0 0 0 0 0 0 0 0 0 0 0 0 0 0 0 0 0 0 606 537 238 113 41 19 7 13 7 2 108
20170711 13:44:50 8 0 8 3 0 0 0 80 16 0 0 473 721 29 580 2 0.73 0.93 0.77 2 0 1016848 534144 482704 61564 23572 221756 48728 80852 175548 16384 611248 5748 1108988 0 1108988 0 0 48 0 0 131888 6212 77 11124 0 0 0 0 24212 289 26 0 12 42 7 0 0 0 0 3 3 0 2 0 0 0 0 0 15 9 24 6144 145 6289 0 0 0 30225 2368 2 21907 0 0 0 0 0 0 0 0 0 0 0 0 0 0 0 0 0 0 0 0 0 576 604 293 115 40 20 7 13 7 2 108
20170711 13:45:00 16 1 30 4 0 1 0 49 47 0 0 1081 2103 295 577 1 0.69 0.92 0.77 1 0 1016848 535980 480868 61564 25620 221756 48740 80856 175140 16384 610408 5748 1108988 0 1108988 0 0 36 0 0 132920 12323 46 83691 0 0 0 0 24224 288 25 0 10 41 8 0 0 0 0 5 4 1 1 0 0 0 0 0 30 7 37 12289 80 12370 0 0 0 30237 2368 2 21919 0 0 0 0 0 0 0 0 0 0 0 0 0 0 0 0 0 0 0 0 0 597 520 237 110 49 22 7 13 6 2 108
20170711 13:45:10 10 0 9 3 0 0 0 78 20 0 0 525 845 33 577 3 0.58 0.89 0.76 1 0 1016848 535784 481064 61564 25620 221764 48740 80860 174924 16384 610432 5748 1108988 0 1108988 0 0 32 0 0 133932 6620 74 13512 0 0 0 0 24224 289 25 0 11 42 8 0 0 0 0 5 4 1 2 0 0 0 0 0 16 9 25 6552 142 6694 0 0 0 30221 2368 2 21901 0 0 0 0 0 0 0 0 0 0 0 0 0 0 0 0 0 0 0 0 0 698 517 247 107 41 18 6 13 7 2 108
20170711 13:45:20 15 0 26 3 0 1 0 56 42 0 0 996 1950 271 577 1 0.73 0.91 0.77 1 0 1016848 536216 480632 61564 25620 221776 48744 80872 175216 16384 610408 5748 1108988 0 1108988 0 0 60 0 0 132908 11915 46 76880 0 0 0 0 24228 290 26 0 12 43 7 0 0 0 0 3 3 1 0 0 0 0 0 0 29 6 35 11881 80 11961 0 0 0 30237 2400 2 21917 0 0 0 0 0 0 0 0 0 0 0 0 0 0 0 0 0 0 0 0 0 564 508 220 105 48 18 7 13 7 2 108
20170711 13:45:30 10 0 10 3 0 0 0 76 20 0 0 530 709 32 577 4 0.62 0.88 0.76 4 0 1016848 536124 480724 61564 25620 221772 48744 80864 175100 16384 632636 5748 1108988 0 1108988 0 0 36 0 0 132912 6177 39 12290 0 0 0 0 24228 289 26 0 12 42 7 0 0 0 0 3 2 1 1 0 0 0 0 0 15 5 20 6143 73 6216 0 0 0 30229 2368 2 21909 0 0 0 0 0 0 0 0 0 0 0 0 0 0 0 0 0 0 0 0 0 655 509 215 116 43 16 7 13 7 2 108
20170711 13:45:40 11 0 14 6 0 1 0 69 25 0 0 608 902 42 585 1 0.52 0.85 0.75 1 1 1016848 538588 478260 61564 25620 221772 48744 81336 176916 16384 614936 5748 1108988 0 1108988 0 0 32 0 0 132900 11948 72 15181 0 0 0 0 24228 290 26 0 13 43 15 0 0 0 0 4 3 1 2 0 0 0 0 0 29 9 38 11880 140 12020 0 0 0 30314 2400 2 21994 0 0 0 0 0 0 0 0 0 0 0 0 0 0 0 0 0 0 0 0 0 219 530 234 105 44 17 5 12 7 2 108
20170711 13:45:50 16 1 29 4 0 0 0 49 46 0 0 1016 1953 283 577 1 0.68 0.87 0.76 1 0 1016848 535960 480888 61564 25620 221776 48736 80864 174900 16384 609592 5748 1108988 0 1108988 0 0 40 0 0 132920 6585 48 79944 0 0 0 0 24220 289 26 0 11 42 7 0 0 0 0 4 4 1 1 0 0 0 0 0 16 6 22 6551 82 6633 0 0 0 30233 2368 2 21913 0 0 0 0 0 0 0 0 0 0 0 0 0 0 0 0 0 0 0 0 0 694 526 244 94 43 17 7 13 7 2 108
20170711 13:46:00 10 0 11 4 0 0 0 74 21 0 0 546 839 42 584 2 0.58 0.84 0.76 1 1 1016848 538360 478488 61564 25620 221812 48736 81288 176776 16384 614552 5748 1108988 0 1108988 0 0 36 0 0 132928 7854 74 15583 0 0 0 0 24220 291 26 0 10 44 10 0 0 0 0 5 4 1 2 0 0 0 0 0 19 9 28 7786 142 7928 0 0 0 30276 2400 2 21956 0 0 0 0 0 0 0 0 0 0 0 0 0 0 0 0 0 0 0 0 0 285 512 243 98 39 17 5 13 7 2 108
20170711 13:46:10 15 0 24 6 0 1 0 54 40 0 0 956 1844 251 579 5 0.73 0.87 0.76 5 0 1016848 548904 467944 61564 25620 221792 48736 81552 187512 16384 623752 5748 1108988 0 1108988 0 0 56 0 0 132912 10685 38 70118 0 0 0 0 24220 290 26 0 12 43 7 0 0 0 0 3 2 1 0 0 0 0 0 0 26 5 31 10651 72 10723 0 0 0 30246 2464 2 21924 0 0 0 0 0 0 0 0 0 0 0 0 0 0 0 0 0 0 0 0 0 24 11 13 37 27 24 5 13 7 2 108
20170711 13:46:20 10 1 13 4 0 0 0 72 24 0 0 596 1048 67 583 2 0.69 0.85 0.76 1 0 1016848 535480 481368 61564 23572 221788 48732 80880 176032 16384 611948 5748 1108988 0 1108988 0 0 48 0 0 131900 6211 80 22847 0 0 0 0 24216 289 26 0 15 42 9 0 0 0 0 4 4 1 1 0 0 0 0 0 15 10 25 6143 148 6291 0 0 0 30294 2400 2 21973 0 0 0 0 0 0 0 0 0 0 0 0 0 0 0 0 0 0 0 0 0 548 605 278 102 45 17 5 13 7 2 108
20170711 13:46:30 9 0 10 7 0 1 0 74 19 0 0 533 808 34 576 2 0.59 0.83 0.75 2 0 1016848 535908 480940 61564 25620 221788 48732 80880 174944 16384 609592 5748 1108988 0 1108988 0 0 40 0 0 132916 12322 38 12801 0 0 0 0 24216 288 26 0 13 41 7 0 0 0 0 0 0 0 0 0 0 0 0 0 30 5 35 12288 72 12360 0 0 0 30232 2368 2 21910 0 0 0 0 0 0 0 0 0 0 0 0 0 0 0 0 0 0 0 0 0 693 523 221 108 51 17 5 13 7 2 108
20170711 13:46:40 9 0 10 4 0 0 0 77 19 0 0 480 764 33 583 4 0.50 0.80 0.75 3 0 1016848 536040 480808 61564 23572 221788 48732 81140 176420 16384 613500 5748 1108988 0 1108988 0 0 44 0 0 131880 6211 70 12519 0 0 0 0 24216 288 25 0 12 41 10 0 0 0 0 2 2 0 1 0 0 0 0 0 15 9 24 6143 138 6281 0 0 0 30238 2400 2 21915 0 0 0 0 0 0 0 0 0 0 0 0 0 0 0 0 0 0 0 0 0 359 576 272 111 45 21 6 12 7 2 108
20170711 13:46:50 14 1 28 7 0 1 0 49 44 0 0 1035 2023 291 578 1 0.64 0.82 0.75 1 0 1016848 536388 480460 61564 25620 221788 48732 80888 175260 16384 610408 5748 1108988 0 1108988 0 0 24 0 0 132920 12326 51 82785 0 0 0 0 24216 290 26 0 10 43 7 0 0 0 0 4 3 1 1 0 0 0 0 0 30 7 37 12292 85 12377 0 0 0 30246 2400 2 21924 0 0 0 0 0 0 0 0 0 0 0 0 0 0 0 0 0 0 0 0 0 509 537 235 110 47 20 6 12 7 2 108
20170711 13:47:00 10 0 9 4 0 0 0 77 19 0 0 494 755 28 575 1 0.54 0.79 0.75 1 0 1016848 533752 483096 61564 23572 221796 48732 80884 174948 16384 609592 5748 1108988 0 1108988 0 0 28 0 0 131896 6211 70 10946 0 0 0 0 24216 288 25 0 11 41 8 0 0 0 0 2 1 0 0 0 0 0 0 0 15 9 24 6143 138 6282 0 0 0 30224 2368 2 21902 0 0 0 0 0 0 0 0 0 0 0 0 0 0 0 0 0 0 0 0 0 766 570 274 114 52 22 6 12 7 2 108
20170711 13:47:10 12 1 16 7 0 1 0 63 30 0 0 721 1016 66 578 1 0.70 0.82 0.75 1 0 1016848 536356 480492 61564 25620 221800 48732 80888 175288 16384 610408 5748 1108988 0 1108988 0 0 32 0 0 132908 12323 43 22252 0 0 0 0 24216 291 26 0 12 44 7 0 0 0 0 5 5 1 2 0 0 0 0 0 30 6 36 12289 77 12366 0 0 0 30255 2400 2 21933 0 0 0 0 0 0 0 0 0 0 0 0 0 0 0 0 0 0 0 0 0 519 538 227 107 48 19 5 13 7 2 108
20170711 13:47:20 10 0 10 3 0 0 0 77 21 0 0 499 851 30 575 1 1.07 0.89 0.78 1 0 1016848 535904 480944 61564 25620 221804 48732 80896 175004 16384 630152 5748 1108988 0 1108988 0 0 48 0 0 132904 6177 43 12412 0 0 0 0 24216 287 25 0 10 40 8 0 0 0 0 1 0 0 0 0 0 0 0 0 15 5 20 6143 77 6220 0 0 0 30233 2368 2 21908 0 0 0 0 0 0 0 0 0 0 0 0 0 0 0 0 0 0 0 0 0 700 508 250 104 41 20 7 12 7 2 108
20170711 13:47:30 9 0 11 6 0 0 0 73 21 0 0 562 891 42 579 1 0.91 0.86 0.77 1 0 1016848 536452 480396 61564 25620 221804 48732 80908 175336 16384 610408 5748 1108988 0 1108988 0 0 16 0 0 132904 12356 76 15156 0 0 0 0 24216 288 25 0 10 41 12 0 0 0 0 0 0 0 0 0 0 0 0 0 30 10 40 12288 144 12432 0 0 0 30268 2368 2 21944 0 0 0 0 0 0 0 0 0 0 0 0 0 0 0 0 0 0 0 0 0 627 520 265 88 44 18 7 12 7 2 108
20170711 13:47:40 9 0 9 3 0 0 0 78 18 0 0 464 698 25 577 4 0.77 0.83 0.76 4 0 1016848 544952 471896 61564 25620 221804 48732 80964 184132 16384 619280 5748 1108988 0 1108988 0 0 20 0 0 132904 6177 36 9538 0 0 0 0 24216 287 25 0 9 40 8 0 0 0 0 0 0 0 0 0 0 0 0 0 15 4 19 6143 70 6213 0 0 0 30228 2400 2 21903 0 0 0 0 0 0 0 0 0 0 0 0 0 0 0 0 0 0 0 0 0 46 60 62 97 47 18 6 13 7 2 108
20170711 13:47:50 15 0 27 4 0 1 0 53 43 0 0 948 1879 265 581 5 0.81 0.84 0.77 2 0 1016848 535648 481200 61564 23572 221808 48732 80972 176248 16384 612412 5748 1108988 0 1108988 0 0 36 0 0 131904 6210 86 74578 0 0 0 0 24216 288 24 0 7 41 11 0 0 0 0 2 2 0 0 0 0 0 0 0 15 11 26 6142 154 6295 0 0 0 30275 2400 2 21951 0 0 0 0 0 0 0 0 0 0 0 0 0 0 0 0 0 0 0 0 0 424 568 299 95 47 18 6 13 7 2 108
20170711 13:48:00 9 0 11 6 0 1 0 73 21 0 0 590 863 36 575 3 0.83 0.84 0.77 1 0 1016848 535960 480888 61564 25620 221816 48740 80920 175000 16384 609592 5748 1108988 0 1108988 0 0 40 0 0 132912 12329 39 13731 0 0 0 0 24224 287 25 0 9 40 8 0 0 0 0 5 5 1 1 0 0 0 0 0 30 5 35 12295 73 12369 0 0 0 30228 2368 2 21903 0 0 0 0 0 0 0 0 0 0 0 0 0 0 0 0 0 0 0 0 0 748 565 265 101 32 16 6 13 7 2 108
20170711 13:48:10 17 1 33 3 0 0 0 46 51 0 0 1082 2033 289 586 6 0.70 0.82 0.76 6 0 1016848 536184 480664 61564 23572 221820 48740 80920 176392 16384 613576 5748 1108988 0 1108988 0 0 40 0 0 131896 6211 78 81552 0 0 0 0 24224 291 25 0 9 44 12 0 0 0 0 6 5 2 3 0 0 0 0 0 15 10 25 6143 146 6289 0 0 0 30237 2400 2 21912 0 0 0 0 0 0 0 0 0 0 0 0 0 0 0 0 0 0 0 0 0 256 613 289 119 38 16 6 13 7 2 108
20170711 13:48:20 9 0 9 7 0 1 0 74 19 0 0 523 927 36 575 1 0.60 0.79 0.75 1 0 1016848 536012 480836 61564 25620 221820 48732 80932 175064 16384 609592 5748 1108988 0 1108988 0 0 24 0 0 132916 12323 42 14509 0 0 0 0 24216 288 25 0 9 41 8 0 0 0 0 2 2 0 0 0 0 0 0 0 30 5 35 12289 76 12365 0 0 0 30233 2368 2 21906 0 0 0 0 0 0 0 0 0 0 0 0 0 0 0 0 0 0 0 0 0 641 557 247 102 39 18 6 13 7 2 108
20170711 13:48:30 9 1 12 3 0 0 0 75 22 0 0 559 859 52 577 1 0.50 0.76 0.74 1 0 1016848 533968 482880 61564 23572 221824 48728 80928 175072 16384 609592 5748 1108988 0 1108988 0 0 40 0 0 131880 6212 72 17779 0 0 0 0 24212 290 26 0 10 43 7 0 0 0 0 4 4 1 2 0 0 0 0 0 15 9 24 6144 140 6284 0 0 0 30248 2368 2 21921 0 0 0 0 0 0 0 0 0 0 0 0 0 0 0 0 0 0 0 0 0 838 593 295 120 41 14 6 13 7 2 108
20170711 13:48:40 10 0 13 6 0 1 0 71 23 0 0 587 899 43 579 1 0.59 0.77 0.75 1 0 1016848 536476 480372 61564 25620 221828 48728 80936 175388 16384 610408 5748 1108988 0 1108988 0 0 44 0 0 132908 12323 38 15541 0 0 0 0 24212 288 26 0 12 41 7 0 0 0 0 0 0 0 0 0 0 0 0 0 30 5 35 12289 72 12361 0 0 0 30264 2368 2 21937 0 0 0 0 0 0 0 0 0 0 0 0 0 0 0 0 0 0 0 0 0 527 539 269 111 37 15 6 13 7 2 108
20170711 13:48:50 13 0 25 3 0 0 0 59 38 0 0 906 1835 262 577 2 0.72 0.79 0.76 2 0 1016848 536032 480816 61564 25620 221832 48728 80932 175068 16384 609592 5748 1108988 0 1108988 0 0 32 0 0 132912 6620 88 73942 0 0 0 0 24212 290 26 0 11 43 7 0 0 0 0 4 4 1 1 0 0 0 0 0 16 11 27 6552 156 6709 0 0 0 30245 2368 2 21918 0 0 0 0 0 0 0 0 0 0 0 0 0 0 0 0 0 0 0 0 0 736 546 232 97 46 15 6 13 7 2 108
20170711 13:49:00 12 0 13 7 0 1 0 67 26 0 0 641 901 42 580 1 0.61 0.77 0.75 1 0 1016848 536508 480340 61564 25620 221856 48728 80964 175376 16384 610408 5748 1108988 0 1108988 0 0 36 0 0 132916 11915 37 15406 0 0 0 0 24212 289 25 0 10 42 10 0 0 0 0 3 3 0 2 0 0 0 0 0 29 5 34 11881 71 11952 0 0 0 30270 2368 2 21944 0 0 0 0 0 0 0 0 0 0 0 0 0 0 0 0 0 0 0 0 0 562 526 256 107 45 15 5 13 7 2 108
20170711 13:49:10 14 1 26 0 0 0 0 58 42 0 0 942 1885 282 576 2 1.25 0.91 0.79 1 0 1016848 535824 481024 61564 25620 221836 48732 80936 175068 16384 609592 5748 1108988 0 1108988 0 0 44 0 0 132920 6177 42 79443 0 0 0 0 24216 291 26 0 10 44 7 0 0 0 0 4 3 1 1 0 0 0 0 0 15 6 21 6143 76 6220 0 0 0 30238 2368 2 21911 0 0 0 0 0 0 0 0 0 0 0 0 0 0 0 0 0 0 0 0 0 758 584 247 100 46 15 8 11 7 2 108
20170711 13:49:20 11 0 10 5 0 0 0 73 22 0 0 588 967 42 585 1 1.06 0.88 0.78 1 1 1016848 538832 478016 61564 25620 221836 48732 81468 177156 16384 614936 5748 1108988 0 1108988 0 0 20 0 0 132920 11537 79 16175 0 0 0 0 24216 289 26 0 8 42 10 0 0 0 0 0 0 0 0 0 0 0 0 0 28 10 38 11469 147 11616 0 0 0 30325 2432 2 21996 0 0 0 0 0 0 0 0 0 0 0 0 0 0 0 0 0 0 0 0 0 367 529 250 94 35 12 7 12 7 2 108
20170711 13:49:30 7 0 9 3 0 0 0 81 16 0 0 470 715 27 576 1 0.89 0.85 0.78 1 0 1016848 535968 480880 61564 25620 221840 48728 80948 175144 16384 609592 5748 1108988 0 1108988 0 0 32 0 0 132904 6991 34 10052 0 0 0 0 24212 291 26 0 7 44 7 0 0 0 0 5 4 1 2 0 0 0 0 0 17 6 23 6964 60 7024 0 0 0 30239 2368 2 21910 0 0 0 0 0 0 0 0 0 0 0 0 0 0 0 0 0 0 0 0 0 624 548 268 117 33 16 6 13 7 2 108
20170711 13:49:40 13 0 18 3 0 0 0 65 31 0 0 714 1334 153 585 5 0.92 0.85 0.78 4 1 1016848 539660 477188 61564 25620 221856 48728 81376 177680 16384 616444 5748 1108988 0 1108988 0 0 60 0 0 133916 6614 66 45060 0 0 0 0 24212 290 26 0 10 43 15 0 0 0 0 2 2 0 0 0 0 0 0 0 16 9 25 6527 126 6654 0 0 0 30292 2432 2 21963 0 0 0 0 0 0 0 0 0 0 0 0 0 0 0 0 0 0 0 0 0 21 426 258 86 44 17 6 13 7 2 108
20170711 13:49:50 13 1 22 3 0 1 0 61 36 0 0 849 1488 171 577 1 0.78 0.83 0.77 1 0 1016848 536048 480800 61564 25620 221856 48736 80948 175148 16384 609592 5748 1108988 0 1108988 0 0 52 0 0 132920 11914 47 49764 0 0 0 0 24220 291 26 0 8 44 7 0 0 0 0 4 3 1 1 0 0 0 0 0 29 6 35 11905 81 11986 0 0 0 30251 2368 2 21922 0 0 0 0 0 0 0 0 0 0 0 0 0 0 0 0 0 0 0 0 0 722 529 258 108 47 14 4 13 7 2 108
20170711 13:50:00 10 0 10 4 0 0 0 76 20 0 0 522 757 33 583 3 0.66 0.80 0.76 2 0 1016848 535752 481096 61564 23572 221860 48728 80952 176396 16384 612640 5748 1108988 0 1108988 0 0 0 0 0 131880 6211 75 12395 0 0 0 0 24212 289 26 0 10 42 9 0 0 0 0 3 2 0 2 0 0 0 0 0 15 9 24 6143 143 6286 0 0 0 30251 2400 2 21921 0 0 0 0 0 0 0 0 0 0 0 0 0 0 0 0 0 0 0 0 0 366 581 302 101 48 16 6 13 7 2 108
20170711 13:50:10 17 1 30 6 0 1 0 46 48 0 0 1081 2049 291 579 2 0.78 0.82 0.77 1 0 1016848 536572 480276 61564 25620 221860 48732 80956 175464 16384 610408 5748 1108988 0 1108988 0 0 28 0 0 132920 12324 44 82584 0 0 0 0 24216 289 26 0 13 42 7 0 0 0 0 5 4 1 1 0 0 0 0 0 30 6 36 12290 78 12368 0 0 0 30265 2368 2 21936 0 0 0 0 0 0 0 0 0 0 0 0 0 0 0 0 0 0 0 0 0 557 490 297 99 55 19 4 11 7 2 108
20170711 13:50:20 11 0 9 3 0 0 0 76 21 0 0 516 871 30 577 3 0.66 0.79 0.76 2 0 1016848 534076 482772 61564 23572 221860 48732 80964 175244 16384 609592 5748 1108988 0 1108988 0 0 36 0 0 131892 6211 73 12212 0 0 0 0 24216 289 26 0 13 42 7 0 0 0 0 3 2 1 0 0 0 0 0 0 15 9 24 6143 141 6284 0 0 0 30247 2368 2 21916 0 0 0 0 0 0 0 0 0 0 0 0 0 0 0 0 0 0 0 0 0 789 544 313 116 46 20 7 11 7 2 108
20170711 13:50:30 10 0 11 6 0 0 0 72 22 0 0 594 876 44 578 2 0.64 0.78 0.76 1 0 1016848 536628 480220 61564 25620 221868 48732 80972 175560 16384 610408 5748 1108988 0 1108988 0 0 44 0 0 132904 12323 39 16344 0 0 0 0 24216 288 26 0 14 41 7 0 0 0 0 6 6 1 2 0 0 0 0 0 30 5 35 12289 73 12362 0 0 0 30259 2368 2 21928 0 0 0 0 0 0 0 0 0 0 0 0 0 0 0 0 0 0 0 0 0 625 463 285 105 43 20 6 11 7 2 108
20170711 13:50:40 15 1 27 3 0 0 0 54 43 0 0 965 1885 282 578 1 0.78 0.81 0.77 1 0 1016848 536184 480664 61564 25620 221872 48732 80972 175232 16384 609592 5748 1108988 0 1108988 0 0 28 0 0 132916 6178 45 79721 0 0 0 0 24216 292 27 0 14 45 6 0 0 0 0 6 5 2 1 0 0 0 0 0 15 6 21 6144 79 6223 0 0 0 30258 2368 2 21927 0 0 0 0 0 0 0 0 0 0 0 0 0 0 0 0 0 0 0 0 0 678 480 250 109 41 21 8 11 7 2 108
20170711 13:50:50 10 0 10 7 0 0 0 73 20 0 0 549 850 39 584 8 0.74 0.80 0.77 6 0 1016848 550192 466656 61564 25620 221872 48728 81680 188736 16384 627072 5748 1108988 0 1108988 0 0 24 0 0 132904 12352 78 13979 0 0 0 0 24212 291 26 0 14 44 7 0 0 0 0 4 4 1 2 0 0 0 0 0 30 10 40 12284 146 12431 0 0 0 30264 2496 3 21933 0 0 0 0 0 0 0 0 0 0 0 0 0 0 0 0 0 0 0 0 0 5 9 28 34 20 19 8 11 7 2 108
20170711 13:51:00 14 1 26 0 0 0 0 58 42 0 0 973 1938 280 576 2 0.63 0.77 0.76 1 0 1016848 536232 480616 61564 25620 221876 48728 80972 175276 16384 609592 5748 1108988 0 1108988 0 0 36 0 0 132920 6180 42 78478 0 0 0 0 24212 290 26 0 15 43 7 0 0 0 0 4 4 1 1 0 0 0 0 0 15 6 21 6146 76 6222 0 0 0 30241 2368 2 21910 0 0 0 0 0 0 0 0 0 0 0 0 0 0 0 0 0 0 0 0 0 622 548 260 101 41 21 5 12 7 2 108
20170711 13:51:10 9 0 9 7 0 0 0 75 18 0 0 543 860 42 579 1 0.53 0.75 0.75 1 0 1016848 536872 479976 61564 25620 221876 48728 80976 175620 16384 610408 5748 1108988 0 1108988 0 0 36 0 0 132916 12356 72 15299 0 0 0 0 24212 289 25 0 16 42 12 0 0 0 0 2 1 0 0 0 0 0 0 0 30 9 39 12288 140 12428 0 0 0 30273 2368 2 21943 0 0 0 0 0 0 0 0 0 0 0 0 0 0 0 0 0 0 0 0 0 508 513 240 102 47 23 4 12 7 2 108
20170711 13:51:20 10 0 10 2 0 0 0 77 21 0 0 530 852 32 576 3 0.45 0.72 0.74 3 0 1016848 536556 480292 61564 25620 221888 48760 80988 175320 16384 632636 5748 1108988 0 1108988 0 0 48 0 0 132900 6177 42 13263 0 0 0 0 24244 287 25 0 19 40 8 0 0 0 0 6 6 1 3 0 0 0 0 0 15 5 20 6143 76 6219 0 0 0 30243 2368 2 21910 0 0 0 0 0 0 0 0 0 0 0 0 0 0 0 0 0 0 0 0 0 609 530 269 106 50 19 4 11 7 2 108
20170711 13:51:30 17 0 27 1 0 0 0 54 45 0 0 1036 1942 272 585 2 0.60 0.75 0.75 1 1 1016848 539012 477836 61564 25620 221928 48784 81412 177240 16384 614552 5748 1108988 0 1108988 0 0 40 0 0 132940 7851 78 77237 0 0 0 0 24268 292 26 0 16 45 10 0 0 0 0 6 5 2 1 0 0 0 0 0 19 10 29 7783 146 7930 0 0 0 30308 2400 2 21975 0 0 0 0 0 0 0 0 0 0 0 0 0 0 0 0 0 0 0 0 0 225 537 235 89 44 21 3 12 7 2 108
20170711 13:51:40 9 0 11 6 0 1 0 73 20 0 0 539 796 33 577 1 0.51 0.72 0.74 1 0 1016848 536452 480396 61564 25620 221896 48744 80996 175320 16384 609592 5748 1108988 0 1108988 0 0 44 0 0 132916 10685 36 12357 0 0 0 0 24228 288 26 0 19 41 7 0 0 0 0 1 1 0 0 0 0 0 0 0 26 5 31 10651 70 10721 0 0 0 30249 2368 2 21916 0 0 0 0 0 0 0 0 0 0 0 0 0 0 0 0 0 0 0 0 0 711 536 298 97 42 21 3 11 7 2 108
20170711 13:51:50 17 1 30 4 0 0 0 48 48 0 0 1034 1998 286 587 6 0.74 0.76 0.76 5 0 1016848 536908 479940 61564 23572 221912 48748 81348 177136 16384 633236 5748 1108988 0 1108988 0 0 56 0 0 131888 6206 85 80824 0 0 0 0 24228 291 27 0 13 44 8 0 0 0 0 6 5 1 3 0 0 0 0 0 15 11 26 6138 153 6291 0 0 0 30260 2432 2 21926 0 0 0 0 0 0 0 0 0 0 0 0 0 0 0 0 0 0 0 0 0 98 598 283 123 44 21 4 12 7 2 108
20170711 13:52:00 11 0 14 6 0 1 0 69 26 0 0 637 861 37 578 2 0.78 0.77 0.76 1 0 1016848 536868 479980 61564 25620 221900 48736 81004 175628 16384 610408 5748 1108988 0 1108988 0 0 28 0 0 132920 12333 38 13660 0 0 0 0 24216 288 26 0 13 41 7 0 0 0 0 0 0 0 0 0 0 0 0 0 30 5 35 12299 72 12371 0 0 0 30264 2368 2 21931 0 0 0 0 0 0 0 0 0 0 0 0 0 0 0 0 0 0 0 0 0 575 570 249 101 42 21 3 12 7 2 108
20170711 13:52:10 20 1 39 1 0 1 0 37 61 0 0 1159 1729 226 581 3 1.50 0.93 0.81 2 0 1016848 537868 478980 61564 25620 221928 48760 81008 176548 16384 613592 5748 1108988 0 1108988 0 0 64 0 0 132908 6182 48 65536 0 0 0 0 24240 293 28 0 13 46 6 0 0 0 0 16 13 5 5 0 0 0 0 0 16 7 23 6147 84 6231 0 0 0 30247 2400 2 21914 0 0 0 0 0 0 0 0 0 0 0 0 0 0 0 0 0 0 0 0 0 427 543 252 113 34 24 5 10 7 2 108
20170711 13:52:20 26 3 55 0 0 1 0 15 85 0 0 1611 2924 439 588 4 1.96 1.04 0.85 4 0 1016848 538228 478620 61564 23572 221964 48968 81016 177300 16384 612980 5748 1108988 0 1108988 0 0 108 0 0 131892 6250 132 126048 0 0 0 0 24448 295 28 0 9 48 10 0 0 0 0 18 17 7 7 0 0 0 0 0 18 19 37 6158 225 6382 0 0 0 30260 2432 2 21926 0 0 0 0 0 0 0 0 0 0 0 0 0 0 0 0 0 0 0 0 0 267 499 306 116 47 21 8 11 5 2 108
20170711 13:52:30 22 3 54 0 0 1 0 19 81 0 0 1680 3268 527 583 3 2.89 1.27 0.93 3 0 1016848 538908 477940 61564 25620 221996 49028 81024 176776 16384 611956 5748 1108988 0 1108988 0 0 128 0 0 132924 12320 69 149919 0 0 0 0 24508 293 27 0 8 46 8 0 0 0 0 16 14 7 7 0 0 0 0 0 30 12 42 12286 103 12388 0 0 0 30300 2400 2 21965 0 0 0 0 0 0 0 0 0 0 0 0 0 0 0 0 0 0 0 0 0 527 446 286 102 37 22 8 11 5 2 108
20170711 13:52:40 22 4 57 0 0 1 0 17 83 0 0 1655 3016 480 578 2 3.05 1.36 0.96 1 0 1016848 537384 479464 61564 25620 222020 49084 81012 175412 16384 609592 5748 1108988 0 1108988 0 0 64 0 0 132916 6180 74 136787 0 0 0 0 24564 293 27 0 8 46 7 0 0 0 0 21 18 8 7 0 0 0 0 0 15 12 27 6146 108 6254 0 0 0 30259 2368 2 21924 0 0 0 0 0 0 0 0 0 0 0 0 0 0 0 0 0 0 0 0 0 672 527 274 119 52 24 9 8 5 2 108
20170711 13:52:50 25 2 56 0 0 1 0 16 84 0 0 1802 3858 664 589 3 3.75 1.57 1.03 2 1 1016848 541232 475616 61564 25620 222100 49004 81544 178364 16384 617216 5748 1108988 0 1108988 0 0 108 0 0 132940 11537 113 186912 0 0 0 0 24480 294 27 0 5 47 9 0 0 0 0 18 16 7 7 0 0 0 0 0 28 18 46 11469 181 11650 0 0 0 30330 2432 2 21995 0 0 0 0 0 0 0 0 0 0 0 0 0 0 0 0 0 0 0 0 0 76 418 254 116 39 25 7 8 6 2 108
20170711 13:53:00 25 4 59 2 0 1 0 10 88 0 0 1866 3802 663 578 3 4.02 1.70 1.08 3 0 1016848 537232 479616 61564 25620 222116 49056 81024 175516 16384 632636 5748 1108988 0 1108988 0 0 140 0 0 132908 6997 72 185859 0 0 0 0 24532 293 27 0 5 46 6 0 0 0 0 17 14 7 7 0 0 0 0 0 17 13 30 6963 106 7069 0 0 0 30254 2368 2 21919 0 0 0 0 0 0 0 0 0 0 0 0 0 0 0 0 0 0 0 0 0 666 482 262 117 52 22 7 9 6 2 108
20170711 13:53:10 24 4 55 1 0 1 0 16 83 0 0 1654 3202 526 587 3 4.31 1.84 1.13 2 0 1016848 538416 478432 61564 23572 222144 49120 81028 177744 16384 615948 5748 1108988 0 1108988 0 0 72 0 0 131888 6213 112 149790 0 0 0 0 24596 293 26 0 8 46 9 0 0 0 0 20 17 8 7 0 0 0 0 0 15 16 31 6145 180 6325 0 0 0 30282 2432 2 21946 0 0 0 0 0 0 0 0 0 0 0 0 0 0 0 0 0 0 0 0 0 153 467 305 121 49 23 8 9 6 2 108
20170711 13:53:20 24 6 58 2 0 1 0 8 90 0 0 1723 3066 444 582 4 4.66 1.99 1.19 4 0 1016848 539260 477588 61564 25620 222184 49040 81040 176892 16384 613760 5748 1108988 0 1108988 0 0 120 0 0 132916 12322 72 128740 0 0 0 0 24516 293 26 0 11 46 8 0 0 0 0 24 20 8 8 0 0 0 0 0 30 12 42 12288 106 12394 0 0 0 30259 2400 2 21920 0 0 0 0 0 0 0 0 0 0 0 0 0 0 0 0 0 0 0 0 0 653 600 283 119 30 19 7 8 5 2 108
20170711 13:53:30 25 4 58 0 0 1 0 12 88 0 0 1780 3410 573 580 3 4.94 2.14 1.24 3 0 1016848 538212 478636 61564 25620 222220 49040 81044 176152 16384 611200 5748 1108988 0 1108988 0 0 132 0 0 132916 6622 105 161933 0 0 0 0 24512 293 27 0 11 46 7 0 0 0 0 17 15 7 7 0 0 0 0 0 16 16 32 6554 173 6726 0 0 0 30248 2400 2 21909 0 0 0 0 0 0 0 0 0 0 0 0 0 0 0 0 0 0 0 0 0 573 550 293 116 47 20 7 9 5 2 108
20170711 13:53:40 23 3 56 0 0 1 0 17 83 0 0 1800 3868 673 587 6 4.96 2.23 1.28 6 0 1016848 554508 462340 63124 25620 223816 49124 83332 190080 16384 629352 5748 1108988 0 1108988 0 0 72 0 0 132916 11910 80 189070 0 0 0 0 24596 296 28 0 8 47 5 0 0 0 0 17 15 7 7 0 0 0 0 0 29 13 42 11876 114 11990 0 0 0 30309 2528 3 21970 0 0 0 0 0 0 0 0 0 0 0 0 0 0 0 0 0 0 0 0 0 5 5 23 31 20 13 9 10 4 2 108
20170711 13:53:50 21 5 55 1 0 1 0 17 81 0 0 1767 3951 711 579 3 4.42 2.21 1.29 1 0 1016848 537496 479352 61564 25620 222276 49036 81032 175528 16384 609592 5748 1108988 0 1108988 0 0 88 0 0 132912 6179 80 198789 0 0 0 0 24508 293 28 0 10 46 6 0 0 0 0 22 19 8 9 0 0 0 0 0 15 14 29 6145 114 6260 0 0 0 30264 2368 2 21925 0 0 0 0 0 0 0 0 0 0 0 0 0 0 0 0 0 0 0 0 0 664 563 265 126 45 24 7 9 5 2 108
20170711 13:54:00 23 4 55 0 0 1 0 17 83 0 0 1827 4083 724 585 3 4.20 2.24 1.31 2 0 1016848 539300 477548 61564 25620 222324 49064 81048 176816 16384 612688 5748 1108988 0 1108988 0 0 132 0 0 132916 12356 108 203399 0 0 0 0 24536 295 28 0 12 48 9 0 0 0 0 19 16 8 8 0 0 0 0 0 30 17 47 12288 176 12464 0 0 0 30308 2400 2 21970 0 0 0 0 0 0 0 0 0 0 0 0 0 0 0 0 0 0 0 0 0 404 526 267 120 52 18 7 9 5 2 108
20170711 13:54:10 24 3 53 0 0 1 0 20 80 0 0 1728 3722 660 579 2 4.17 2.29 1.33 1 0 1016848 537676 479172 61564 25620 222352 49144 81036 175532 16384 609592 5748 1108988 0 1108988 0 0 48 0 0 132912 6179 80 185120 0 0 0 0 24616 294 28 0 10 47 5 0 0 0 0 18 15 7 7 0 0 0 0 0 15 13 28 6145 114 6258 0 0 0 30266 2368 2 21927 0 0 0 0 0 0 0 0 0 0 0 0 0 0 0 0 0 0 0 0 0 739 581 278 120 53 19 7 8 5 2 108
20170711 13:54:20 26 4 57 0 0 1 0 13 87 0 0 1683 3251 506 588 3 4.85 2.50 1.41 3 0 1016848 538436 478412 61564 23572 222404 49060 81056 178112 16384 614404 5748 1108988 0 1108988 0 0 112 0 0 131888 6210 106 144850 0 0 0 0 24528 296 28 0 9 49 8 0 0 0 0 18 16 7 7 0 0 0 0 0 15 16 31 6142 174 6315 0 0 0 30284 2432 2 21944 0 0 0 0 0 0 0 0 0 0 0 0 0 0 0 0 0 0 0 0 0 353 493 314 139 52 22 7 8 5 2 108
20170711 13:54:30 26 7 62 0 0 2 0 4 96 0 0 1500 2014 243 583 4 5.29 2.66 1.48 4 0 1016848 539432 477416 61564 25620 222440 49052 81068 177104 16384 613320 5748 1108988 0 1108988 0 0 156 0 0 132912 12322 62 73426 0 0 0 0 24520 294 28 0 12 47 6 0 0 0 0 24 22 8 7 0 0 0 0 0 30 11 41 12288 96 12384 0 0 0 30264 2400 2 21923 0 0 0 0 0 0 0 0 0 0 0 0 0 0 0 0 0 0 0 0 0 566 493 296 125 48 17 6 8 5 2 108
20170711 13:54:40 25 8 62 0 0 1 0 5 95 0 0 1547 1990 252 585 9 5.71 2.84 1.55 7 0 1016848 539940 476908 61564 25620 222468 49100 81100 177076 16384 614280 5748 1108988 0 1108988 0 0 152 0 0 132900 6179 66 75717 0 0 0 0 24568 294 28 0 11 47 7 0 0 0 0 16 15 7 6 0 0 0 0 0 15 11 26 6145 100 6244 0 0 0 30251 2400 2 21910 0 0 0 0 0 0 0 0 0 0 0 0 0 0 0 0 0 0 0 0 0 916 528 223 103 41 18 6 8 5 2 108
20170711 13:54:50 26 5 63 0 0 1 0 6 94 0 0 1753 3010 474 588 3 5.69 2.93 1.59 2 0 1016848 538772 478076 61564 23572 222512 49056 81064 177816 16384 615516 5748 1108988 0 1108988 0 0 84 0 0 131888 6213 117 134266 0 0 0 0 24524 295 28 0 9 48 8 0 0 0 0 18 16 7 6 0 0 0 0 0 15 16 31 6145 185 6330 0 0 0 30348 2432 2 22008 0 0 0 0 0 0 0 0 0 0 0 0 0 0 0 0 0 0 0 0 0 293 541 324 145 52 23 5 7 5 2 108
20170711 13:55:00 24 3 53 0 0 1 0 20 80 0 0 1749 3666 631 577 2 5.81 3.05 1.64 2 0 1016848 538216 478632 61564 25620 222536 49068 81052 175660 16384 609592 5748 1108988 0 1108988 0 0 104 0 0 132912 12322 70 177314 0 0 0 0 24532 293 27 0 12 46 6 0 0 0 0 24 20 8 7 0 0 0 0 0 30 12 42 12288 104 12392 0 0 0 30261 2368 2 21920 0 0 0 0 0 0 0 0 0 0 0 0 0 0 0 0 0 0 0 0 0 756 539 313 122 51 23 6 8 4 2 108
20170711 13:55:10 23 5 55 1 0 1 0 15 83 0 0 1709 3402 581 578 1 5.76 3.13 1.68 1 0 1016848 536268 480580 61564 23572 222576 49132 81060 175668 16384 609592 5748 1108988 0 1108988 0 0 124 0 0 131892 6213 104 164413 0 0 0 0 24596 293 27 0 12 46 6 0 0 0 0 21 18 8 8 0 0 0 0 0 15 16 31 6145 172 6317 0 0 0 30267 2368 2 21926 0 0 0 0 0 0 0 0 0 0 0 0 0 0 0 0 0 0 0 0 0 733 575 329 141 55 26 5 7 5 2 108
20170711 13:55:20 25 4 58 0 0 1 0 13 87 0 0 1892 4073 686 583 3 5.42 3.14 1.70 3 0 1016848 539796 477052 61564 25620 222628 49052 81076 177160 16384 612004 5748 1108988 0 1108988 0 0 100 0 0 132916 12321 86 194141 0 0 0 0 24516 294 27 0 12 46 7 0 0 0 0 17 15 7 7 0 0 0 0 0 30 13 43 12287 120 12406 0 0 0 30304 2400 2 21961 0 0 0 0 0 0 0 0 0 0 0 0 0 0 0 0 0 0 0 0 0 501 525 274 123 51 24 6 6 5 2 108
20170711 13:55:30 23 3 56 0 0 1 0 18 82 0 0 1772 3765 664 582 4 5.50 3.23 1.75 2 0 1016848 539564 477284 61564 25620 222664 49064 81076 176988 16384 613688 5748 1108988 0 1108988 0 0 128 0 0 132912 6178 70 186357 0 0 0 0 24528 293 27 0 10 45 7 0 0 0 0 20 17 8 7 0 0 0 0 0 15 12 27 6144 104 6248 0 0 0 30293 2400 2 21950 0 0 0 0 0 0 0 0 0 0 0 0 0 0 0 0 0 0 0 0 0 425 518 259 127 50 26 6 7 5 2 108
20170711 13:55:40 23 3 54 0 0 1 0 19 81 0 0 1698 3504 597 590 4 4.81 3.16 1.74 3 1 1016848 543064 473784 61564 26132 222712 49168 81604 179156 16384 619368 5748 1108988 0 1108988 0 0 172 0 0 133424 11178 103 169065 0 0 0 0 24628 294 27 0 13 46 14 0 0 0 0 22 20 8 8 0 0 0 0 0 27 16 44 11110 171 11282 0 0 0 30327 2432 2 21984 0 0 0 0 0 0 0 0 0 0 0 0 0 0 0 0 0 0 0 0 0 60 373 284 134 44 17 4 8 5 2 108
20170711 13:55:50 22 4 50 0 0 1 0 24 76 0 0 1665 3484 610 583 3 4.55 3.15 1.75 3 0 1016848 539048 477800 61564 25620 222748 49032 81088 176412 16384 611960 5748 1108988 0 1108988 0 0 88 0 0 132916 7356 94 172251 0 0 0 0 24492 295 28 0 12 47 6 0 0 0 0 21 18 8 8 0 0 0 0 0 18 14 32 7322 128 7450 0 0 0 30268 2400 2 21925 0 0 0 0 0 0 0 0 0 0 0 0 0 0 0 0 0 0 0 0 0 526 517 285 129 56 22 5 7 5 2 108
20170711 13:56:00 25 3 56 0 0 0 0 16 84 0 0 1807 4141 751 591 4 4.70 3.23 1.79 4 0 1016848 539708 477140 61564 23572 222780 49068 81088 178556 16384 617772 5748 1108988 0 1108988 0 0 112 0 0 131884 6211 104 209594 0 0 0 0 24528 296 27 0 9 48 9 0 0 0 0 19 17 8 7 0 0 0 0 0 15 16 31 6143 172 6315 0 0 0 30351 2432 2 22009 0 0 0 0 0 0 0 0 0 0 0 0 0 0 0 0 0 0 0 0 0 303 615 346 118 58 18 6 5 5 2 108
20170711 13:56:10 25 4 55 3 0 1 0 12 84 0 0 1767 3453 577 577 0 4.76 3.29 1.83 1 0 1016848 538400 478448 61564 25620 222804 49152 81076 175772 16384 609592 5748 1108988 0 1108988 0 0 120 0 0 132912 12323 71 163112 0 0 0 0 24612 294 26 0 12 46 7 0 0 0 0 22 20 8 8 0 0 0 0 0 30 12 42 12289 105 12394 0 0 0 30262 2368 2 21919 0 0 0 0 0 0 0 0 0 0 0 0 0 0 0 0 0 0 0 0 0 825 520 299 117 58 20 6 6 5 2 108
20170711 13:56:20 24 2 54 1 0 1 0 17 81 0 0 1728 3752 645 581 5 4.65 3.31 1.85 5 0 1016848 546876 469972 61564 23572 222852 49068 81356 186136 16384 622112 5748 1108988 0 1108988 0 0 160 0 0 131888 6210 110 181641 0 0 0 0 24524 292 26 0 12 45 8 0 0 0 0 17 15 7 8 0 0 0 0 0 15 17 32 6142 178 6319 0 0 0 30281 2432 2 21936 0 0 0 0 0 0 0 0 0 0 0 0 0 0 0 0 0 0 0 0 0 72 103 100 132 59 22 7 6 5 2 108
20170711 13:56:30 24 2 55 3 0 1 0 15 82 0 0 1782 3724 637 580 1 4.63 3.35 1.88 1 0 1016848 539124 477724 61564 25620 222888 49100 81100 176236 16384 610536 5748 1108988 0 1108988 0 0 96 0 0 132900 12328 81 179302 0 0 0 0 24556 293 27 0 10 46 6 0 0 0 0 21 17 8 7 0 0 0 0 0 30 13 43 12294 115 12409 0 0 0 30304 2400 2 21959 0 0 0 0 0 0 0 0 0 0 0 0 0 0 0 0 0 0 0 0 0 625 501 273 119 63 22 6 6 5 2 108
20170711 13:56:40 25 3 56 0 0 1 0 15 85 0 0 1729 3295 558 576 2 5.25 3.52 1.95 2 0 1016848 538696 478152 61564 25620 222920 49160 81100 175944 16384 609720 5748 1108988 0 1108988 0 0 124 0 0 132900 6177 67 157714 0 0 0 0 24616 293 26 0 10 46 8 0 0 0 0 21 18 8 7 0 0 0 0 0 15 12 27 6143 101 6245 0 0 0 30266 2368 2 21921 0 0 0 0 0 0 0 0 0 0 0 0 0 0 0 0 0 0 0 0 0 716 489 303 111 60 23 4 7 5 2 108
20170711 13:56:50 26 4 64 0 0 1 0 6 94 0 0 1800 3235 507 590 5 4.91 3.51 1.96 5 0 1016848 542044 474804 61564 25620 222988 49048 81104 178592 16384 615052 5748 1108988 0 1108988 0 0 156 0 0 132928 9489 110 144228 0 0 0 0 24504 294 27 0 11 47 10 0 0 0 0 17 15 7 7 0 0 0 0 0 23 17 40 9421 178 9599 0 0 0 30342 2432 2 21998 0 0 0 0 0 0 0 0 0 0 0 0 0 0 0 0 0 0 0 0 0 153 432 281 108 55 22 3 8 5 2 108
20170711 13:57:00 25 3 60 0 0 1 0 11 89 0 0 1820 3574 601 580 3 4.39 3.44 1.96 3 0 1016848 540220 476628 61564 25620 222992 49068 81104 177232 16384 611264 5748 1108988 0 1108988 0 0 72 0 0 132908 9044 80 169522 0 0 0 0 24524 294 28 0 11 47 6 0 0 0 0 21 18 8 7 0 0 0 0 0 22 12 34 9010 114 9125 0 0 0 30270 2400 2 21925 0 0 0 0 0 0 0 0 0 0 0 0 0 0 0 0 0 0 0 0 0 489 516 315 109 49 17 4 8 5 2 108
20170711 13:57:10 21 2 48 0 0 1 0 27 73 0 0 1571 3226 550 587 2 4.24 3.44 1.97 2 0 1016848 538884 477964 61564 23572 223016 49160 81096 177048 16384 641696 5748 1108988 0 1108988 0 0 88 0 0 131884 6212 104 155939 0 0 0 0 24612 295 29 0 10 48 7 0 0 0 0 19 17 7 8 0 0 0 0 0 15 16 31 6144 172 6316 0 0 0 30336 2400 2 21992 0 0 0 0 0 0 0 0 0 0 0 0 0 0 0 0 0 0 0 0 0 325 535 336 124 61 19 4 8 5 2 108
20170711 13:57:20 27 4 62 0 0 1 0 6 94 0 0 1852 3523 561 582 6 4.59 3.54 2.02 5 0 1016848 539320 477528 61564 25620 223064 49104 80924 176580 16384 619024 5748 1108988 0 1108988 0 0 148 0 0 132716 12312 71 160083 0 0 0 0 24556 294 29 0 11 48 6 0 0 0 0 19 16 7 6 0 0 0 0 0 30 12 42 12278 105 12383 0 0 0 30250 2336 2 21904 0 0 0 0 0 0 0 0 0 0 0 0 0 0 0 0 0 0 0 0 0 608 513 264 123 60 18 4 8 5 2 108
20170711 13:57:30 22 4 52 0 0 1 0 22 78 0 0 1499 2303 320 580 3 4.25 3.51 2.03 1 0 1016848 540024 476824 61564 25620 223092 49196 81104 176228 16384 633212 5748 1108988 0 1108988 0 0 56 0 0 133748 6628 112 94014 0 0 0 0 24648 295 29 0 13 48 4 0 0 0 0 19 17 7 7 0 0 0 0 0 16 16 32 6560 180 6740 0 0 0 30288 2368 2 21940 0 0 0 0 0 0 0 0 0 0 0 0 0 0 0 0 0 0 0 0 0 662 466 265 136 47 23 5 8 6 3 107
20170711 13:57:40 24 4 57 2 0 1 0 12 86 0 0 1822 3702 621 586 5 4.32 3.54 2.05 4 0 1016848 541540 475308 61564 25620 223124 49284 81108 177100 16384 634820 5748 1108988 0 1108988 0 0 84 0 0 132748 11911 72 175827 0 0 0 0 24736 296 29 0 11 49 8 0 0 0 0 18 16 7 7 0 0 0 0 0 29 13 42 11877 106 11983 0 0 0 30291 2400 2 21944 0 0 0 0 0 0 0 0 0 0 0 0 0 0 0 0 0 0 0 0 0 587 510 254 113 50 16 5 8 6 3 107
20170711 13:57:50 21 5 57 1 0 1 0 15 84 0 0 1708 3565 620 584 3 3.87 3.47 2.05 2 0 1016848 540924 475924 61564 25620 223176 49160 81132 176984 16384 635048 5748 1108988 0 1108988 0 0 144 0 0 132736 6178 76 174578 0 0 0 0 24608 295 29 0 10 48 5 0 0 0 0 17 15 7 7 0 0 0 0 0 15 13 28 6144 110 6254 0 0 0 30318 2400 2 21970 0 0 0 0 0 0 0 0 0 0 0 0 0 0 0 0 0 0 0 0 0 556 527 269 111 39 23 4 9 6 3 107
20170711 13:58:00 23 4 56 3 0 1 0 13 84 0 0 1783 3729 653 599 10 3.89 3.49 2.07 10 0 1016848 542856 473992 61564 23572 223212 49228 81120 179776 16384 643780 5748 1108988 0 1108988 0 0 92 0 0 131704 6211 113 183867 0 0 0 0 24672 296 29 0 12 49 7 0 0 0 0 23 19 8 8 0 0 0 0 0 15 17 32 6143 181 6325 0 0 0 30346 2432 2 21999 0 0 0 0 0 0 0 0 0 0 0 0 0 0 0 0 0 0 0 0 0 82 458 319 135 43 21 6 6 6 3 107
