################################################################################
# Collectl:   V4.1.0-1  HiRes: 1  Options: -D /etc/collectl.conf 
# Host:       dhcp3385  DaemonOpts: -P -f /var/www/html/des20/Data -r00:00,7 -m -F5  -oz
# Booted:     1488100965.86 [20170226-11:22:45]
# Distro:     CentOS Linux release 7.2.1511 (Core)   Platform: VirtualBox
# Date:       20170227-000000  Secs: 1488146400 TZ: +0200
# SubSys:     bcdfijmnst Options: z Interval: 10 NumCPUs: 1  NumBud: 2 Flags: i
# Filters:    NfsFilt:  EnvFilt:  TcpFilt: ituc
# HZ:         100  Arch: x86_64-linux-thread-multi PageSize: 4096
# Cpu:        GenuineIntel Speed(MHz): 2194.918 Cores: 1  Siblings: 1 Nodes: 1
# Kernel:     3.10.0-327.36.3.el7.x86_64  Memory: 1016848 kB  Swap: 1108988 kB
# NumDisks:   3 DiskNames: sda sdb sdc
# NumNets:    2 NetNames: enp0s8:1000 lo:??
# SCSI:       CD:1:00:00:00 DA:2:00:00:00 DA:3:00:00:00 DA:4:00:00:00
################################################################################
#Date Time [CPU]User% [CPU]Nice% [CPU]Sys% [CPU]Wait% [CPU]Irq% [CPU]Soft% [CPU]Steal% [CPU]Idle% [CPU]Totl% [CPU]Guest% [CPU]GuestN% [CPU]Intrpt/sec [CPU]Ctx/sec [CPU]Proc/sec [CPU]ProcQue [CPU]ProcRun [CPU]L-Avg1 [CPU]L-Avg5 [CPU]L-Avg15 [CPU]RunTot [CPU]BlkTot [MEM]Tot [MEM]Used [MEM]Free [MEM]Shared [MEM]Buf [MEM]Cached [MEM]Slab [MEM]Map [MEM]Anon [MEM]AnonH [MEM]Commit [MEM]Locked [MEM]SwapTot [MEM]SwapUsed [MEM]SwapFree [MEM]SwapIn [MEM]SwapOut [MEM]Dirty [MEM]Clean [MEM]Laundry [MEM]Inactive [MEM]PageIn [MEM]PageOut [MEM]PageFaults [MEM]PageMajFaults [MEM]HugeTotal [MEM]HugeFree [MEM]HugeRsvd [MEM]SUnreclaim [SOCK]Used [SOCK]Tcp [SOCK]Orph [SOCK]Tw [SOCK]Alloc [SOCK]Mem [SOCK]Udp [SOCK]Raw [SOCK]Frag [SOCK]FragMem [NET]RxPktTot [NET]TxPktTot [NET]RxKBTot [NET]TxKBTot [NET]RxCmpTot [NET]RxMltTot [NET]TxCmpTot [NET]RxErrsTot [NET]TxErrsTot [DSK]ReadTot [DSK]WriteTot [DSK]OpsTot [DSK]ReadKBTot [DSK]WriteKBTot [DSK]KbTot [DSK]ReadMrgTot [DSK]WriteMrgTot [DSK]MrgTot [INODE]NumDentry [INODE]openFiles [INODE]MaxFile% [INODE]used [NFS]ReadsS [NFS]WritesS [NFS]MetaS [NFS]CommitS [NFS]Udp [NFS]Tcp [NFS]TcpConn [NFS]BadAuth [NFS]BadClient [NFS]ReadsC [NFS]WritesC [NFS]MetaC [NFS]CommitC [NFS]Retrans [NFS]AuthRef [TCP]IpErr [TCP]TcpErr [TCP]UdpErr [TCP]IcmpErr [TCP]Loss [TCP]FTrans [BUD]1Page [BUD]2Pages [BUD]4Pages [BUD]8Pages [BUD]16Pages [BUD]32Pages [BUD]64Pages [BUD]128Pages [BUD]256Pages [BUD]512Pages [BUD]1024Pages
20170227 00:00:00 6 0 6 8 0 0 0 80 12 0 0 401 673 41 574 2 0.14 0.28 0.35 1 0 1016848 930068 86780 106044 6156 609332 79536 91196 164808 14336 513512 5752 1108988 476 1108512 0 0 44 0 0 234252 12359 84 15031 0 0 0 0 27092 322 13 0 0 30 0 0 0 0 0 15 12 4 9 0 0 0 0 0 30 9 39 12288 155 12443 0 0 0 116181 2656 3 15183 0 0 0 0 0 0 0 0 0 0 0 0 0 0 0 0 0 0 0 0 0 1295 926 703 277 67 33 18 10 9 5 4
20170227 00:00:10 4 0 3 3 0 0 0 89 8 0 0 298 461 28 572 1 0.20 0.29 0.35 1 0 1016848 929760 87088 106044 6156 609380 79532 91192 164476 14336 512696 5752 1108988 476 1108512 0 0 76 0 0 234264 6179 37 9627 0 0 0 0 27088 322 13 0 0 30 0 0 0 0 0 15 11 4 9 0 0 0 0 0 15 4 19 6144 72 6216 0 0 0 116181 2656 3 15183 0 0 0 0 0 0 0 0 0 0 0 0 0 0 0 0 0 0 0 0 0 1312 946 706 278 67 33 18 10 9 5 4
20170227 00:00:20 5 0 5 8 0 0 0 81 11 0 0 385 667 41 574 1 0.17 0.28 0.35 1 0 1016848 930316 86532 106044 6156 609408 79528 91196 164808 14336 513512 5752 1108988 476 1108512 0 0 40 0 0 234264 12360 86 14891 0 0 0 0 27084 322 13 0 0 30 1 0 0 0 0 14 11 4 9 0 0 0 0 0 30 10 40 12289 157 12446 0 0 0 116181 2656 3 15183 0 0 0 0 0 0 0 0 0 0 0 0 0 0 0 0 0 0 0 0 0 1285 892 709 275 67 33 18 10 9 5 4
20170227 00:00:30 6 0 4 4 0 0 0 86 10 0 0 345 617 30 572 1 0.59 0.37 0.38 1 0 1016848 930000 86848 106044 6156 609440 79528 91200 164492 14336 512696 5752 1108988 476 1108512 0 0 80 0 0 234264 6179 37 12150 0 0 0 0 27084 322 13 0 0 30 0 0 0 0 0 15 11 4 9 0 0 0 0 0 15 4 19 6143 72 6215 0 0 0 116183 2656 3 15183 0 0 0 0 0 0 0 0 0 0 0 0 0 0 0 0 0 0 0 0 0 1366 900 710 274 67 33 18 10 9 5 4
20170227 00:00:40 6 0 6 8 0 0 0 80 12 0 0 407 671 42 574 0 0.50 0.36 0.37 1 0 1016848 930076 86772 106044 6156 609436 79528 91204 164808 14336 513512 5752 1108988 476 1108512 0 0 108 0 0 234268 12358 74 15163 0 0 0 0 27084 322 13 0 0 30 0 0 0 0 0 14 11 4 9 0 0 0 0 0 30 9 39 12288 144 12432 0 0 0 116183 2656 3 15183 0 0 0 0 0 0 0 0 0 0 0 0 0 0 0 0 0 0 0 0 0 1221 928 707 284 67 33 18 10 9 5 4
20170227 00:00:50 5 0 4 4 0 0 0 87 9 0 0 306 483 29 572 1 0.50 0.36 0.38 1 0 1016848 929768 87080 106044 6156 609496 79528 91200 164496 14336 512696 5752 1108988 476 1108512 0 0 48 0 0 234268 6179 51 10880 0 0 0 0 27084 322 13 0 0 30 0 0 0 0 0 14 11 4 9 0 0 0 0 0 15 5 20 6143 87 6230 0 0 0 116183 2656 3 15183 0 0 0 0 0 0 0 0 0 0 0 0 0 0 0 0 0 0 0 0 0 1348 903 713 281 67 33 18 10 9 5 4
20170227 00:01:00 6 0 5 8 0 0 0 80 12 0 0 387 656 41 574 1 0.42 0.35 0.37 1 0 1016848 930424 86424 106044 6156 609520 79528 91204 164816 14336 513512 5752 1108988 476 1108512 0 0 60 0 0 234264 12358 75 15027 0 0 0 0 27084 322 13 0 0 30 0 0 0 0 0 14 11 4 9 0 0 0 0 0 30 9 39 12288 146 12434 0 0 0 116183 2656 3 15183 0 0 0 0 0 0 0 0 0 0 0 0 0 0 0 0 0 0 0 0 0 1206 932 701 277 67 33 18 10 9 5 4
20170227 00:01:10 6 0 4 7 0 0 0 83 11 0 0 330 513 32 576 2 0.44 0.36 0.37 2 0 1016848 931620 85228 106044 6156 609600 79528 91220 166008 14336 514928 5752 1108988 476 1108512 0 0 104 0 0 234288 6181 37 12312 0 0 0 0 27084 323 13 0 0 30 0 0 0 0 0 14 11 4 9 0 0 0 0 0 15 4 20 6146 72 6218 0 0 0 116201 2656 3 15193 0 0 0 0 0 0 0 0 0 0 0 0 0 0 0 0 0 0 0 0 0 877 963 695 276 67 33 18 10 9 5 4
20170227 00:01:20 6 0 6 7 0 0 0 81 12 0 0 394 681 45 574 1 0.37 0.34 0.37 1 0 1016848 930528 86320 106044 6156 609628 79528 91208 164792 14336 513512 5752 1108988 476 1108512 0 0 44 0 0 234284 12367 90 16082 0 0 0 0 27084 322 13 0 0 30 0 0 0 0 0 15 11 4 9 0 0 0 0 0 30 10 40 12297 161 12457 0 0 0 116194 2656 3 15186 0 0 0 0 0 0 0 0 0 0 0 0 0 0 0 0 0 0 0 0 0 1324 909 675 278 67 33 18 10 9 5 4
20170227 00:01:30 7 0 4 4 0 0 0 85 11 0 0 332 611 30 572 1 0.47 0.37 0.38 1 0 1016848 930052 86796 106044 6156 609660 79528 91232 164504 14336 512696 5752 1108988 476 1108512 0 0 76 0 0 234284 6179 38 12146 0 0 0 0 27084 322 13 0 0 30 0 0 0 0 0 15 11 4 9 0 0 0 0 0 15 6 21 6143 73 6216 0 0 0 116196 2656 3 15186 0 0 0 0 0 0 0 0 0 0 0 0 0 0 0 0 0 0 0 0 0 1291 924 701 280 67 33 18 10 9 5 4
20170227 00:01:40 6 0 5 8 0 0 0 80 12 0 0 389 666 42 574 1 0.40 0.35 0.37 1 0 1016848 930612 86236 106044 6156 609688 79528 91224 164832 14336 513512 5752 1108988 476 1108512 0 0 88 0 0 234288 12360 75 15164 0 0 0 0 27084 322 13 0 0 30 0 0 0 0 0 14 11 4 9 0 0 0 0 0 30 9 39 12289 146 12435 0 0 0 116196 2656 3 15186 0 0 0 0 0 0 0 0 0 0 0 0 0 0 0 0 0 0 0 0 0 1107 946 703 279 67 33 18 10 9 5 4
20170227 00:01:50 6 0 4 4 0 0 0 86 10 0 0 326 485 29 572 1 0.42 0.36 0.37 1 0 1016848 930116 86732 106044 6156 609680 79528 91236 164496 14336 512696 5752 1108988 476 1108512 0 0 108 0 0 234284 6179 42 10874 0 0 0 0 27084 322 13 0 0 30 0 0 0 0 0 14 11 4 9 0 0 0 0 0 15 5 20 6143 77 6220 0 0 0 116196 2656 3 15186 0 0 0 0 0 0 0 0 0 0 0 0 0 0 0 0 0 0 0 0 0 1289 931 698 278 67 33 18 10 9 5 4
20170227 00:02:00 8 0 7 7 0 0 0 77 16 0 0 425 672 41 575 2 0.36 0.35 0.37 2 0 1016848 930908 85940 106044 6156 609720 79528 91232 165084 14336 513976 5752 1108988 476 1108512 0 0 36 0 0 234268 12341 84 14979 0 0 0 0 27084 322 13 0 0 30 0 0 0 0 0 15 11 4 9 0 0 0 0 0 30 9 39 12271 155 12426 0 0 0 116198 2656 3 15188 0 0 0 0 0 0 0 0 0 0 0 0 0 0 0 0 0 0 0 0 0 1181 918 682 278 67 33 18 10 9 5 4
20170227 00:02:10 6 0 5 4 0 0 0 85 11 0 0 325 484 28 572 1 0.30 0.34 0.37 1 0 1016848 930120 86728 106044 6156 609768 79528 91236 164500 14336 512696 5752 1108988 476 1108512 0 0 68 0 0 234284 6188 37 10782 0 0 0 0 27084 322 13 0 0 30 2 0 0 0 0 15 11 4 9 0 0 0 0 0 15 4 19 6153 72 6225 0 0 0 116196 2656 3 15186 0 0 0 0 0 0 0 0 0 0 0 0 0 0 0 0 0 0 0 0 0 1333 909 698 277 67 33 18 10 9 5 4
20170227 00:02:20 7 0 6 7 0 0 0 79 14 0 0 409 632 36 585 5 0.25 0.32 0.36 4 1 1016848 947476 69372 106044 8204 609772 79528 92504 178612 14336 533632 5752 1108988 476 1108512 0 0 20 0 0 236336 12757 83 12991 0 0 0 0 27084 323 13 0 0 31 3 0 0 0 0 14 11 4 9 0 0 0 0 0 31 9 40 12686 153 12839 0 0 0 116208 2752 3 15198 0 0 0 0 0 0 0 0 0 0 0 0 0 0 0 0 0 0 0 0 0 111 130 316 276 66 33 18 10 9 5 4
20170227 00:02:30 7 0 4 4 0 0 0 84 12 0 0 341 612 30 572 2 0.70 0.41 0.39 1 0 1016848 930184 86664 106044 6156 609812 79528 91240 164504 14336 512696 5752 1108988 476 1108512 0 0 64 0 0 234292 5775 45 12201 0 0 0 0 27084 322 13 0 0 30 1 0 0 0 0 15 12 4 9 0 0 0 0 0 14 5 19 5740 80 5819 0 0 0 116198 2656 3 15186 0 0 0 0 0 0 0 0 0 0 0 0 0 0 0 0 0 0 0 0 0 1302 971 667 280 67 33 18 10 9 5 4
20170227 00:02:40 7 0 6 5 0 0 0 83 13 0 0 367 565 38 582 3 0.66 0.42 0.39 3 1 1016848 935232 81616 106044 8204 609864 79540 91664 166824 14336 519112 5752 1108988 476 1108512 0 0 88 0 0 235316 8632 38 13774 0 0 0 0 27096 323 13 0 1 31 4 0 0 0 0 15 12 4 9 0 0 0 0 0 21 5 26 8597 73 8670 0 0 0 116207 2688 3 15195 0 0 0 0 0 0 0 0 0 0 0 0 0 0 0 0 0 0 0 0 0 500 758 660 280 66 33 18 10 9 5 4
20170227 00:02:50 7 0 5 8 0 0 0 80 12 0 0 371 593 32 572 2 0.64 0.42 0.39 1 0 1016848 930044 86804 106044 6156 609880 79536 91244 164508 14336 512696 5752 1108988 476 1108512 0 0 120 0 0 234288 9906 72 12131 0 0 0 0 27092 322 13 0 1 30 2 0 0 0 0 15 11 4 9 0 0 0 0 0 24 9 33 9835 143 9978 0 0 0 116198 2656 3 15186 0 0 0 0 0 0 0 0 0 0 0 0 0 0 0 0 0 0 0 0 0 1314 947 676 284 67 33 18 10 9 5 4
20170227 00:03:00 7 0 6 4 0 0 0 83 13 0 0 357 522 35 579 1 0.54 0.41 0.39 1 0 1016848 931788 85060 106044 6156 609884 79536 91240 165760 14336 515316 5752 1108988 476 1108512 0 0 40 0 0 234272 6179 51 12892 0 0 0 0 27092 323 13 0 1 31 2 0 0 0 0 14 11 4 10 0 0 0 0 0 15 6 21 6144 86 6230 0 0 0 116200 2688 3 15189 0 0 0 0 0 0 0 0 0 0 0 0 0 0 0 0 0 0 0 0 0 919 953 664 285 66 33 18 10 9 5 4
20170227 00:03:10 7 0 6 7 0 1 0 78 14 0 0 407 633 35 572 1 0.53 0.41 0.39 1 0 1016848 930180 86668 106044 6156 609932 79544 91244 164504 14336 512696 5752 1108988 476 1108512 0 0 72 0 0 234284 12360 72 13012 0 0 0 0 27092 322 13 0 1 30 1 0 0 0 0 14 11 4 9 0 0 0 0 0 30 9 39 12289 143 12432 0 0 0 116198 2656 3 15186 0 0 0 0 0 0 0 0 0 0 0 0 0 0 0 0 0 0 0 0 0 1275 988 657 284 67 33 18 10 9 5 4
20170227 00:03:20 7 0 6 4 0 0 0 84 13 0 0 350 527 34 579 1 0.45 0.39 0.39 1 0 1016848 931804 85044 106044 6156 609940 79536 91248 165704 14336 515316 5752 1108988 476 1108512 0 0 96 0 0 234268 6179 38 12755 0 0 0 0 27092 323 13 0 1 31 2 0 0 0 0 14 11 4 9 0 0 0 0 0 15 5 20 6143 74 6217 0 0 0 116200 2688 3 15189 0 0 0 0 0 0 0 0 0 0 0 0 0 0 0 0 0 0 0 0 0 871 1007 649 285 66 33 18 10 9 5 4
20170227 00:03:30 9 0 7 7 0 1 0 76 17 0 0 450 774 36 571 1 0.38 0.38 0.38 1 0 1016848 930160 86688 106044 6156 609992 79540 91256 164504 14336 512696 5752 1108988 476 1108512 0 0 32 0 0 234288 12360 88 14348 0 0 0 0 27096 322 13 0 1 30 1 0 0 0 0 15 12 4 9 0 0 0 0 0 30 9 39 12289 158 12447 0 0 0 116200 2656 3 15186 0 0 0 0 0 0 0 0 0 0 0 0 0 0 0 0 0 0 0 0 0 1361 906 678 284 67 33 18 10 9 5 4
20170227 00:03:40 7 0 5 4 0 0 0 84 12 0 0 326 486 29 571 2 0.32 0.37 0.38 1 0 1016848 930220 86628 106044 6156 610016 79536 91256 164496 14336 512696 5752 1108988 476 1108512 0 0 56 0 0 234284 6179 37 10906 0 0 0 0 27092 322 13 0 0 30 0 0 0 0 0 14 11 4 9 0 0 0 0 0 15 4 20 6144 72 6216 0 0 0 116200 2656 3 15186 0 0 0 0 0 0 0 0 0 0 0 0 0 0 0 0 0 0 0 0 0 1319 937 671 283 67 33 18 10 9 5 4
20170227 00:03:50 8 0 7 8 0 1 0 76 16 0 0 425 687 42 574 1 0.27 0.36 0.38 1 0 1016848 930780 86068 106068 6156 610016 79536 91264 164824 14336 513512 5752 1108988 476 1108512 0 0 8 0 0 234284 12357 82 15139 0 0 0 0 27092 322 13 0 0 30 1 0 0 0 0 15 11 4 9 0 0 0 0 0 30 9 39 12287 153 12440 0 0 0 116200 2656 3 15186 0 0 0 0 0 0 0 0 0 0 0 0 0 0 0 0 0 0 0 0 0 1264 937 653 282 67 33 18 10 9 5 4
20170227 00:04:00 7 0 5 4 0 0 0 84 12 0 0 341 489 28 572 1 0.23 0.35 0.37 1 0 1016848 930460 86388 106044 6156 610072 79536 91256 164508 14336 512696 5752 1108988 476 1108512 0 0 52 0 0 234284 6179 39 10630 0 0 0 0 27092 322 13 0 0 30 1 0 0 0 0 14 11 4 9 0 0 0 0 0 15 5 20 6144 74 6218 0 0 0 116200 2656 3 15186 0 0 0 0 0 0 0 0 0 0 0 0 0 0 0 0 0 0 0 0 0 1370 908 666 279 67 33 18 10 9 5 4
20170227 00:04:10 7 0 6 7 0 0 0 78 14 0 0 416 658 38 578 4 0.42 0.38 0.38 4 0 1016848 943352 73496 106044 6156 610100 79536 92056 176728 14336 527580 5752 1108988 476 1108512 0 0 80 0 0 234284 12355 74 14130 0 0 0 0 27092 322 13 0 0 30 0 0 0 0 0 14 11 4 9 0 0 0 0 0 30 10 40 12284 144 12428 0 0 0 116205 2752 3 15191 0 0 0 0 0 0 0 0 0 0 0 0 0 0 0 0 0 0 0 0 0 548 268 387 279 67 33 18 10 9 5 4
20170227 00:04:20 4 0 4 3 0 0 0 88 9 0 0 297 466 27 572 1 0.43 0.39 0.39 1 0 1016848 930348 86500 106044 6156 610132 79536 91256 164500 14336 512696 5752 1108988 476 1108512 0 0 20 0 0 234292 6182 46 9432 0 0 0 0 27092 322 13 0 0 30 1 0 0 0 0 14 11 4 9 0 0 0 0 0 15 5 20 6146 81 6228 0 0 0 116200 2656 3 15186 0 0 0 0 0 0 0 0 0 0 0 0 0 0 0 0 0 0 0 0 0 1371 915 668 279 67 33 18 10 9 5 4
20170227 00:04:30 9 0 8 8 0 1 0 75 18 0 0 469 808 43 574 1 0.66 0.44 0.40 1 0 1016848 930976 85872 106044 6156 610160 79540 91252 164804 14336 513512 5752 1108988 476 1108512 0 0 48 0 0 234284 12357 80 16433 0 0 0 0 27096 322 13 0 0 30 2 0 0 0 0 15 11 4 9 0 0 0 0 0 30 10 40 12287 150 12437 0 0 0 116202 2656 3 15186 0 0 0 0 0 0 0 0 0 0 0 0 0 0 0 0 0 0 0 0 0 1175 923 674 280 67 33 18 10 9 5 4
20170227 00:04:40 6 0 5 4 0 0 0 84 12 0 0 339 479 28 572 1 0.64 0.44 0.40 1 0 1016848 930708 86140 106044 6156 610188 79536 91264 164504 14336 512696 5752 1108988 476 1108512 0 0 80 0 0 234284 6180 37 10775 0 0 0 0 27092 322 13 0 0 30 1 0 0 0 0 15 11 4 9 0 0 0 0 0 15 4 19 6145 72 6217 0 0 0 116202 2656 3 15186 0 0 0 0 0 0 0 0 0 0 0 0 0 0 0 0 0 0 0 0 0 1321 919 665 275 67 33 18 10 9 5 4
20170227 00:04:50 8 0 7 8 0 1 0 77 15 0 0 430 681 42 574 1 0.54 0.43 0.40 1 0 1016848 931252 85596 106044 6156 610228 79536 91256 164812 14336 513512 5752 1108988 476 1108512 0 0 0 0 0 234284 12355 81 15132 0 0 0 0 27092 322 13 0 0 30 2 0 0 0 0 15 11 4 9 0 0 0 0 0 30 10 40 12288 148 12436 0 0 0 116202 2656 3 15186 0 0 0 0 0 0 0 0 0 0 0 0 0 0 0 0 0 0 0 0 0 1269 883 663 274 67 33 18 10 9 5 4
20170227 00:05:00 7 0 5 4 0 0 0 84 12 0 0 352 490 28 572 1 0.62 0.45 0.41 1 0 1016848 930532 86316 106044 6156 610244 79532 91268 164492 14336 512696 5752 1108988 476 1108512 0 0 52 0 0 234284 6177 36 10772 0 0 0 0 27088 322 13 0 0 30 0 0 0 0 0 14 11 4 9 0 0 0 0 0 15 4 20 6144 69 6213 0 0 0 116202 2656 3 15186 0 0 0 0 0 0 0 0 0 0 0 0 0 0 0 0 0 0 0 0 0 1379 910 655 280 67 33 18 10 9 5 4
20170227 00:05:10 8 0 7 7 0 1 0 77 15 0 0 432 675 42 576 3 0.52 0.43 0.40 1 0 1016848 931288 85560 106044 6156 610248 79528 91272 164844 14336 513512 5752 1108988 476 1108512 0 0 76 0 0 234272 12357 74 15137 0 0 0 0 27084 323 13 0 0 31 2 0 0 0 0 15 11 4 9 0 0 0 0 0 30 9 39 12287 144 12431 0 0 0 116202 2656 3 15187 0 0 0 0 0 0 0 0 0 0 0 0 0 0 0 0 0 0 0 0 0 1180 927 663 276 66 33 18 10 9 5 4
20170227 00:05:20 6 0 5 4 0 0 0 85 12 0 0 336 479 28 572 2 0.44 0.42 0.40 1 0 1016848 930660 86188 106044 6156 610292 79528 91268 164500 14336 512696 5752 1108988 476 1108512 0 0 100 0 0 234284 6180 37 10633 0 0 0 0 27084 322 13 0 0 30 0 0 0 0 0 14 11 4 9 0 0 0 0 0 15 4 19 6145 72 6217 0 0 0 116202 2656 3 15186 0 0 0 0 0 0 0 0 0 0 0 0 0 0 0 0 0 0 0 0 0 1366 917 647 280 67 33 18 10 9 5 4
20170227 00:05:30 9 0 7 4 0 1 0 80 16 0 0 412 700 39 580 2 0.37 0.40 0.40 2 1 1016848 927860 88988 106044 10252 600840 78836 90056 166540 14336 518184 5752 1108988 492 1108496 0 1638 36 0 0 239484 8698 58 15129 4 0 0 0 27120 323 13 0 0 31 10 0 0 0 0 15 11 4 9 0 0 0 0 0 34 6 41 8637 93 8730 0 0 0 112283 2688 3 15205 0 0 0 0 0 0 0 0 0 0 0 0 0 0 0 0 0 0 0 0 0 1713 1043 658 281 68 34 18 10 9 5 4
20170227 00:05:40 8 0 7 7 0 1 0 78 15 0 0 399 616 33 572 1 0.48 0.42 0.40 1 0 1016848 920640 96208 106044 6156 600916 78836 89624 164476 14336 512696 5752 1108988 492 1108496 0 0 68 0 0 236476 10337 72 12210 0 0 0 0 27120 322 13 0 0 30 1 0 0 0 0 14 11 4 9 0 0 0 0 0 25 9 34 10292 143 10435 0 0 0 112277 2656 3 15199 0 0 0 0 0 0 0 0 0 0 0 0 0 0 0 0 0 0 0 0 0 2608 1322 747 279 69 34 18 10 9 5 4
20170227 00:05:50 9 0 6 3 0 0 0 82 15 0 0 381 537 35 579 1 0.40 0.41 0.40 1 0 1016848 922308 94540 106044 6156 600924 78836 89640 165736 14336 515316 5752 1108988 492 1108496 0 0 96 0 0 236460 6179 38 13002 0 0 0 0 27120 323 13 0 0 31 2 0 0 0 0 14 11 4 9 0 0 0 0 0 15 5 20 6143 73 6217 0 0 0 112279 2688 3 15202 0 0 0 0 0 0 0 0 0 0 0 0 0 0 0 0 0 0 0 0 0 2123 1366 740 282 68 34 18 10 9 5 4
20170227 00:06:00 7 0 7 8 0 0 0 78 14 0 0 414 634 34 572 2 0.42 0.41 0.40 2 0 1016848 931016 85832 106044 6156 600984 78836 90332 175064 14336 523464 5752 1108988 492 1108496 0 0 20 0 0 236480 12346 88 12172 0 0 0 0 27120 322 13 0 0 30 1 0 0 0 0 15 11 4 9 0 0 0 0 0 30 9 39 12276 158 12434 0 0 0 112278 2688 3 15200 0 0 0 0 0 0 0 0 0 0 0 0 0 0 0 0 0 0 0 0 0 712 963 747 281 69 34 18 10 9 5 4
20170227 00:06:10 6 0 5 3 0 0 0 85 12 0 0 345 519 35 579 1 0.35 0.40 0.40 1 0 1016848 922300 94548 106044 6156 600984 78836 89640 165680 14336 515316 5752 1108988 492 1108496 0 0 48 0 0 236464 6186 39 12578 0 0 0 0 27120 323 13 0 0 31 4 0 0 0 0 15 11 4 9 0 0 0 0 0 15 5 20 6151 74 6225 0 0 0 112279 2688 3 15202 0 0 0 0 0 0 0 0 0 0 0 0 0 0 0 0 0 0 0 0 0 2123 1379 743 277 68 34 18 10 9 5 4
20170227 00:06:20 8 0 7 8 0 1 0 77 15 0 0 419 650 35 572 1 0.30 0.39 0.39 1 0 1016848 920712 96136 106044 6156 601036 78836 89644 164480 14336 512696 5752 1108988 492 1108496 0 0 76 0 0 236488 12358 72 12903 0 0 0 0 27120 322 13 0 0 30 2 0 0 0 0 15 11 4 9 0 0 0 0 0 30 9 39 12288 143 12431 0 0 0 112277 2656 3 15199 0 0 0 0 0 0 0 0 0 0 0 0 0 0 0 0 0 0 0 0 0 2632 1295 748 280 69 34 18 10 9 5 4
20170227 00:06:30 9 0 6 3 0 0 0 81 15 0 0 392 657 36 579 1 0.25 0.37 0.39 0 0 1016848 922532 94316 106044 6156 601036 78836 89648 165692 14336 515316 5752 1108988 492 1108496 0 0 108 0 0 236460 6179 39 14282 0 0 0 0 27120 323 13 0 0 31 6 0 0 0 0 15 11 4 9 0 0 0 0 0 15 6 21 6143 74 6218 0 0 0 112281 2688 3 15202 0 0 0 0 0 0 0 0 0 0 0 0 0 0 0 0 0 0 0 0 0 2085 1363 744 279 68 34 18 10 9 5 4
20170227 00:06:40 8 0 6 7 0 1 0 78 15 0 0 414 637 31 574 2 0.21 0.36 0.38 2 0 1016848 921348 95500 106044 6156 601084 78836 89652 165212 14336 514416 5752 1108988 492 1108496 0 0 40 0 0 236476 12349 83 11697 0 0 0 0 27120 321 13 0 0 29 0 0 0 0 0 18 13 4 9 0 0 0 0 0 30 12 42 12278 153 12432 0 0 0 112281 2656 3 15201 0 0 0 0 0 0 0 0 0 0 0 0 0 0 0 0 0 0 0 0 0 2437 1319 747 278 69 34 18 10 9 5 4
20170227 00:06:50 5 0 4 4 0 0 0 87 9 0 0 309 483 28 572 1 0.18 0.35 0.38 1 0 1016848 920888 95960 106044 6156 601112 78836 89656 164476 14336 512696 5752 1108988 492 1108496 0 0 64 0 0 236476 6185 37 10773 0 0 0 0 27120 321 13 0 0 29 1 0 0 0 0 16 12 4 9 0 0 0 0 0 15 5 20 6150 72 6222 0 0 0 112278 2656 3 15198 0 0 0 0 0 0 0 0 0 0 0 0 0 0 0 0 0 0 0 0 0 2612 1289 754 276 69 34 18 10 9 5 4
20170227 00:07:00 6 0 5 8 0 0 0 80 12 0 0 391 669 41 572 1 0.23 0.35 0.38 1 0 1016848 920808 96040 106044 6156 601140 78832 89660 164488 14336 512696 5752 1108988 492 1108496 0 0 92 0 0 236484 12358 75 15025 0 0 0 0 27116 322 13 0 0 30 0 0 0 0 0 14 11 4 9 0 0 0 0 0 30 9 39 12288 146 12434 0 0 0 112279 2656 3 15199 0 0 0 0 0 0 0 0 0 0 0 0 0 0 0 0 0 0 0 0 0 2570 1310 754 278 69 34 18 10 9 5 4
20170227 00:07:10 5 0 4 4 0 0 0 87 9 0 0 307 479 29 572 1 0.20 0.34 0.38 1 0 1016848 920852 95996 106044 6156 601164 78832 89656 164476 14336 512696 5752 1108988 492 1108496 0 0 12 0 0 236476 6179 47 10880 0 0 0 0 27116 322 13 0 0 30 0 0 0 0 0 14 11 4 9 0 0 0 0 0 15 5 20 6144 82 6226 0 0 0 112279 2656 3 15199 0 0 0 0 0 0 0 0 0 0 0 0 0 0 0 0 0 0 0 0 0 2590 1284 754 280 69 34 18 10 9 5 4
20170227 00:07:20 6 0 6 8 0 0 0 81 12 0 0 394 668 41 572 1 0.25 0.35 0.38 1 0 1016848 920892 95956 106044 6156 601192 78832 89660 164496 14336 512696 5752 1108988 492 1108496 0 0 52 0 0 236480 12358 74 15034 0 0 0 0 27116 322 13 0 0 30 0 0 0 0 0 15 11 4 9 0 0 0 0 0 30 9 39 12288 144 12432 0 0 0 112279 2656 3 15199 0 0 0 0 0 0 0 0 0 0 0 0 0 0 0 0 0 0 0 0 0 2491 1338 750 280 69 34 18 10 9 5 4
20170227 00:07:30 7 0 4 4 0 0 0 85 11 0 0 337 611 30 572 2 0.21 0.34 0.38 1 0 1016848 920872 95976 106044 6156 601216 78832 89664 164492 14336 512696 5752 1108988 492 1108496 0 0 92 0 0 236476 6179 39 12024 0 0 0 0 27116 322 13 0 0 30 0 0 0 0 0 14 12 4 9 0 0 0 0 0 15 5 20 6144 74 6218 0 0 0 112281 2656 3 15199 0 0 0 0 0 0 0 0 0 0 0 0 0 0 0 0 0 0 0 0 0 2554 1299 754 281 69 34 18 10 9 5 4
20170227 00:07:40 6 0 6 7 0 0 0 81 12 0 0 399 674 42 572 1 0.18 0.33 0.37 0 0 1016848 920880 95968 106044 6156 601256 78832 89668 164488 14336 512696 5752 1108988 492 1108496 0 0 28 0 0 236476 12357 85 15158 0 0 0 0 27116 321 13 0 0 29 0 0 0 0 0 16 12 4 9 0 0 0 0 0 30 10 40 12287 156 12442 0 0 0 112280 2656 3 15198 0 0 0 0 0 0 0 0 0 0 0 0 0 0 0 0 0 0 0 0 0 2482 1339 752 280 69 34 18 10 9 5 4
20170227 00:07:50 5 0 4 4 0 0 0 86 10 0 0 318 483 29 572 1 0.15 0.31 0.37 1 0 1016848 921020 95828 106068 6156 601260 78832 89700 164516 14336 512696 5752 1108988 492 1108496 0 0 64 0 0 236480 6180 37 10879 0 0 0 0 27116 322 13 0 0 30 0 0 0 0 0 15 12 4 9 0 0 0 0 0 15 4 19 6145 72 6217 0 0 0 112281 2656 3 15199 0 0 0 0 0 0 0 0 0 0 0 0 0 0 0 0 0 0 0 0 0 2581 1264 757 280 69 34 18 10 9 5 4
20170227 00:08:00 6 0 5 8 0 0 0 80 12 0 0 403 675 41 574 1 0.20 0.32 0.37 1 0 1016848 921628 95220 106044 6156 601316 78832 89672 164796 14336 513512 5752 1108988 492 1108496 0 0 92 0 0 236480 12352 73 15023 0 0 0 0 27116 321 13 0 0 29 0 0 0 0 0 14 11 4 9 0 0 0 0 0 30 9 39 12287 139 12426 0 0 0 112280 2656 3 15198 0 0 0 0 0 0 0 0 0 0 0 0 0 0 0 0 0 0 0 0 0 2451 1265 756 277 69 34 18 10 9 5 4
20170227 00:08:10 6 0 4 4 0 0 0 86 10 0 0 323 481 29 572 1 0.17 0.31 0.37 1 0 1016848 921060 95788 106044 6156 601340 78832 89668 164484 14336 512696 5752 1108988 492 1108496 0 0 40 0 0 236476 6174 41 10875 0 0 0 0 27116 322 13 0 0 30 0 0 0 0 0 14 12 4 10 0 0 0 0 0 15 5 20 6144 71 6215 0 0 0 112281 2656 3 15199 0 0 0 0 0 0 0 0 0 0 0 0 0 0 0 0 0 0 0 0 0 2569 1268 758 279 69 34 18 10 9 5 4
20170227 00:08:20 5 0 5 8 0 0 0 82 10 0 0 385 698 41 574 1 0.29 0.33 0.37 1 0 1016848 921548 95300 106044 6156 601376 78832 89672 164796 14336 513512 5752 1108988 492 1108496 0 0 60 0 0 236500 12466 182 14003 0 0 0 0 27116 322 13 0 0 30 0 0 0 0 0 14 11 4 9 0 0 0 0 0 30 17 47 12288 361 12649 0 0 0 112281 2656 3 15199 0 0 0 0 0 0 0 0 0 0 0 0 0 0 0 0 0 0 0 0 0 2389 1296 756 280 69 34 18 10 9 5 4
20170227 00:08:30 7 0 5 3 0 0 0 85 11 0 0 344 608 30 572 2 0.33 0.34 0.37 1 0 1016848 921096 95752 106044 6156 601396 78832 89680 164484 14336 512696 5752 1108988 492 1108496 0 0 96 0 0 236476 6179 41 12014 0 0 0 0 27116 322 13 0 0 30 1 0 0 0 0 15 12 4 9 0 0 0 0 0 15 5 20 6144 76 6220 0 0 0 112283 2656 3 15199 0 0 0 0 0 0 0 0 0 0 0 0 0 0 0 0 0 0 0 0 0 2554 1260 758 281 69 34 18 10 9 5 4
20170227 00:08:40 6 0 6 8 0 0 0 80 12 0 0 400 680 42 574 1 0.44 0.36 0.38 1 0 1016848 921628 95220 106044 6156 601424 78832 89684 164804 14336 513512 5752 1108988 492 1108496 0 0 20 0 0 236476 12358 84 15168 0 0 0 0 27116 322 13 0 0 30 1 0 0 0 0 14 11 4 9 0 0 0 0 0 30 9 39 12288 154 12442 0 0 0 112283 2656 3 15199 0 0 0 0 0 0 0 0 0 0 0 0 0 0 0 0 0 0 0 0 0 2385 1298 756 278 69 34 18 10 9 5 4
20170227 00:08:50 5 0 4 4 0 0 0 87 9 0 0 319 482 29 571 2 0.45 0.37 0.38 1 0 1016848 921236 95612 106044 6156 601452 78832 89680 164492 14336 512696 5752 1108988 492 1108496 0 0 56 0 0 236480 6180 37 10884 0 0 0 0 27116 321 13 0 0 29 0 0 0 0 0 15 12 4 9 0 0 0 0 0 15 5 20 6145 72 6217 0 0 0 112282 2656 3 15198 0 0 0 0 0 0 0 0 0 0 0 0 0 0 0 0 0 0 0 0 0 2529 1271 759 277 69 34 18 10 9 5 4
20170227 00:09:00 6 0 5 8 0 0 0 80 12 0 0 394 670 41 574 1 0.38 0.35 0.38 1 0 1016848 921836 95012 106044 6156 601476 78832 89688 164800 14336 513512 5752 1108988 492 1108496 0 0 72 0 0 236476 12357 78 15028 0 0 0 0 27116 322 13 0 0 30 1 0 0 0 0 16 13 4 9 0 0 0 0 0 30 9 39 12287 148 12435 0 0 0 112283 2656 3 15199 0 0 0 0 0 0 0 0 0 0 0 0 0 0 0 0 0 0 0 0 0 2438 1256 756 275 69 34 18 10 9 5 4
20170227 00:09:10 5 0 4 4 0 0 0 87 9 0 0 314 489 29 572 1 0.40 0.36 0.38 1 0 1016848 921288 95560 106044 6156 601504 78832 89684 164492 14336 512696 5752 1108988 492 1108496 0 0 104 0 0 236480 6179 37 10881 0 0 0 0 27116 322 13 0 0 30 3 0 0 0 0 14 11 4 9 0 0 0 0 0 15 4 19 6144 72 6216 0 0 0 112283 2656 3 15199 0 0 0 0 0 0 0 0 0 0 0 0 0 0 0 0 0 0 0 0 0 2510 1270 758 278 69 34 18 10 9 5 4
20170227 00:09:20 6 0 6 7 0 0 0 81 12 0 0 392 660 41 574 1 0.34 0.35 0.38 1 0 1016848 921724 95124 106044 6156 601536 78832 89672 164796 14336 513512 5752 1108988 492 1108496 0 0 32 0 0 236476 12358 84 15025 0 0 0 0 27116 322 13 0 0 30 1 0 0 0 0 15 11 4 9 0 0 0 0 0 30 9 39 12288 155 12443 0 0 0 112283 2656 3 15199 0 0 0 0 0 0 0 0 0 0 0 0 0 0 0 0 0 0 0 0 0 2384 1285 755 279 69 34 18 10 9 5 4
20170227 00:09:30 7 0 4 4 0 0 0 84 12 0 0 344 615 30 572 2 0.37 0.35 0.38 1 0 1016848 921256 95592 106044 6156 601564 78832 89688 164488 14336 512696 5752 1108988 492 1108496 0 0 72 0 0 236484 6180 38 12014 0 0 0 0 27116 321 13 0 1 29 1 0 0 0 0 15 12 4 9 0 0 0 0 0 15 5 20 6145 73 6218 0 0 0 112284 2656 3 15198 0 0 0 0 0 0 0 0 0 0 0 0 0 0 0 0 0 0 0 0 0 2543 1250 758 280 69 34 18 10 9 5 4
20170227 00:09:40 6 0 6 8 0 0 0 80 12 0 0 388 670 42 574 1 0.31 0.34 0.37 1 0 1016848 921780 95068 106044 6156 601596 78832 89700 164824 14336 513512 5752 1108988 492 1108496 0 0 92 0 0 236476 12358 74 15161 0 0 0 0 27116 322 13 0 1 30 2 0 0 0 0 14 11 4 9 0 0 0 0 0 30 9 39 12288 145 12433 0 0 0 112285 2656 3 15199 0 0 0 0 0 0 0 0 0 0 0 0 0 0 0 0 0 0 0 0 0 2387 1266 756 280 69 34 18 10 9 5 4
20170227 00:09:50 6 0 5 4 0 0 0 85 11 0 0 335 486 29 572 0 0.34 0.35 0.37 3 0 1016848 921268 95580 106044 6156 601616 78836 89692 164476 14336 512696 5752 1108988 492 1108496 0 0 16 0 0 236476 6179 47 10878 0 0 0 0 27120 322 13 0 1 30 2 0 0 0 0 14 11 4 9 0 0 0 0 0 15 5 20 6143 82 6226 0 0 0 112285 2656 3 15199 0 0 0 0 0 0 0 0 0 0 0 0 0 0 0 0 0 0 0 0 0 2531 1256 758 279 69 34 18 10 9 5 4
20170227 00:10:00 7 0 7 8 0 0 0 78 15 0 0 419 670 41 574 1 0.44 0.37 0.38 0 0 1016848 921820 95028 106044 6156 601624 78832 89708 164812 14336 513512 5752 1108988 492 1108496 0 0 44 0 0 236496 12358 80 15029 0 0 0 0 27116 322 13 0 1 30 3 0 0 0 0 15 11 4 9 0 0 0 0 0 30 10 40 12288 151 12439 0 0 0 112285 2656 3 15199 0 0 0 0 0 0 0 0 0 0 0 0 0 0 0 0 0 0 0 0 0 2441 1237 757 280 69 34 18 10 9 5 4
20170227 00:10:10 6 0 4 4 0 0 0 86 10 0 0 312 477 28 572 1 0.37 0.35 0.38 1 0 1016848 921484 95364 106044 6156 601660 78832 89696 164500 14336 512696 5752 1108988 492 1108496 0 0 72 0 0 236476 6180 37 10749 0 0 0 0 27116 322 13 0 1 30 1 0 0 0 0 15 11 4 9 0 0 0 0 0 15 5 20 6145 72 6217 0 0 0 112285 2656 3 15199 0 0 0 0 0 0 0 0 0 0 0 0 0 0 0 0 0 0 0 0 0 2488 1260 759 277 69 34 18 10 9 5 4
20170227 00:10:20 7 0 7 7 0 1 0 78 15 0 0 426 670 41 576 1 0.31 0.34 0.37 1 0 1016848 922224 94624 106044 6156 601680 78832 89700 164784 14336 513512 5752 1108988 492 1108496 0 0 96 0 0 236464 12357 74 15029 0 0 0 0 27116 323 13 0 1 31 5 0 0 0 0 15 11 4 9 0 0 0 0 0 30 9 39 12287 144 12431 0 0 0 112285 2656 3 15200 0 0 0 0 0 0 0 0 0 0 0 0 0 0 0 0 0 0 0 0 0 2272 1312 752 273 68 34 18 10 9 5 4
20170227 00:10:30 7 0 5 4 0 0 0 85 12 0 0 342 597 25 572 1 0.27 0.33 0.37 1 0 1016848 921628 95220 106044 6156 601728 78840 89708 164472 14336 512696 5752 1108988 492 1108496 0 0 44 0 0 236476 6180 48 9875 0 0 0 0 27124 322 13 0 0 30 2 0 0 0 0 15 12 4 9 0 0 0 0 0 15 7 22 6145 83 6228 0 0 0 112288 2656 3 15199 0 0 0 0 0 0 0 0 0 0 0 0 0 0 0 0 0 0 0 0 0 2509 1290 739 272 69 34 18 10 9 5 4
20170227 00:10:40 7 0 6 5 0 1 0 82 14 0 0 365 566 38 580 1 0.61 0.40 0.39 1 1 1016848 926380 90468 106044 8204 601768 78832 90128 166540 14336 518184 5752 1108988 492 1108496 0 0 72 0 0 237512 9046 38 13864 0 0 0 0 27116 323 13 0 0 31 9 0 0 0 0 15 11 4 9 0 0 0 0 0 22 5 27 9011 74 9085 0 0 0 112294 2688 3 15205 0 0 0 0 0 0 0 0 0 0 0 0 0 0 0 0 0 0 0 0 0 1656 1208 695 275 68 34 18 10 9 5 4
20170227 00:10:50 6 0 5 6 0 1 0 81 12 0 0 368 585 32 572 1 0.84 0.46 0.41 1 0 1016848 921564 95284 106044 6156 601780 78836 89708 164492 14336 512696 5752 1108988 492 1108496 0 0 96 0 0 236476 9490 72 12046 0 0 0 0 27120 322 13 0 0 30 2 0 0 0 0 14 11 4 9 0 0 0 0 0 23 8 31 9420 143 9563 0 0 0 112288 2656 3 15199 0 0 0 0 0 0 0 0 0 0 0 0 0 0 0 0 0 0 0 0 0 2492 1267 747 278 69 34 18 10 9 5 4
20170227 00:11:00 7 0 6 4 0 0 0 83 14 0 0 364 530 35 579 1 0.71 0.44 0.41 1 0 1016848 923128 93720 106044 6156 601784 78832 89716 165736 14336 515316 5752 1108988 492 1108496 0 0 108 0 0 236460 6179 45 12896 0 0 0 0 27116 323 13 0 0 31 3 0 0 0 0 15 11 4 9 0 0 0 0 0 15 6 21 6144 80 6224 0 0 0 112290 2688 3 15202 0 0 0 0 0 0 0 0 0 0 0 0 0 0 0 0 0 0 0 0 0 1994 1322 744 281 68 34 18 10 9 5 4
20170227 00:11:10 6 0 6 7 0 1 0 80 13 0 0 389 628 35 572 1 0.67 0.44 0.41 1 0 1016848 921356 95492 106044 6156 601836 78832 89712 164480 14336 512696 5752 1108988 492 1108496 0 0 52 0 0 236476 12358 83 13019 0 0 0 0 27116 322 13 0 0 30 2 0 0 0 0 15 11 4 9 0 0 0 0 0 30 9 39 12288 153 12441 0 0 0 112288 2656 3 15199 0 0 0 0 0 0 0 0 0 0 0 0 0 0 0 0 0 0 0 0 0 2458 1284 747 285 69 34 18 10 9 5 4
20170227 00:11:20 7 0 5 4 0 0 0 84 12 0 0 351 525 35 579 0 0.57 0.43 0.40 1 0 1016848 923204 93644 106044 6156 601848 78832 89712 165732 14336 515316 5752 1108988 492 1108496 0 0 88 0 0 236468 6179 38 12892 0 0 0 0 27116 323 13 0 0 31 4 0 0 0 0 14 11 4 9 0 0 0 0 0 15 5 20 6144 73 6217 0 0 0 112290 2688 3 15202 0 0 0 0 0 0 0 0 0 0 0 0 0 0 0 0 0 0 0 0 0 1925 1335 747 283 68 34 18 10 9 5 4
20170227 00:11:30 8 0 7 7 0 1 0 77 16 0 0 435 767 36 572 1 0.56 0.43 0.40 1 0 1016848 921532 95316 106044 6156 601896 78832 89720 164488 14336 512696 5752 1108988 492 1108496 0 0 52 0 0 236480 12358 84 14148 0 0 0 0 27116 322 13 0 0 30 3 0 0 0 0 15 11 4 9 0 0 0 0 0 30 10 40 12288 154 12442 0 0 0 112290 2656 3 15199 0 0 0 0 0 0 0 0 0 0 0 0 0 0 0 0 0 0 0 0 0 2480 1259 750 281 69 34 18 10 9 5 4
20170227 00:11:40 8 0 6 4 0 0 0 83 14 0 0 363 529 35 579 1 0.47 0.42 0.40 1 0 1016848 923280 93568 106044 6156 601900 78832 89716 165748 14336 515316 5752 1108988 492 1108496 0 0 80 0 0 236460 6179 38 13029 0 0 0 0 27116 323 13 0 0 31 4 0 0 0 0 15 11 4 9 0 0 0 0 0 15 5 20 6144 73 6217 0 0 0 112292 2688 3 15202 0 0 0 0 0 0 0 0 0 0 0 0 0 0 0 0 0 0 0 0 0 1957 1312 746 283 68 34 18 10 9 5 4
20170227 00:11:50 7 0 6 7 0 0 0 80 13 0 0 408 640 35 572 1 0.40 0.40 0.40 1 0 1016848 921608 95240 106044 6156 601948 78840 89724 164492 14336 512696 5752 1108988 492 1108496 0 0 112 0 0 236476 12358 72 13015 0 0 0 0 27124 322 13 0 0 30 3 0 0 0 0 15 11 4 9 0 0 0 0 0 30 9 39 12288 143 12431 0 0 0 112290 2656 3 15199 0 0 0 0 0 0 0 0 0 0 0 0 0 0 0 0 0 0 0 0 0 2489 1227 756 283 69 34 18 10 9 5 4
20170227 00:12:00 7 0 5 4 0 0 0 85 12 0 0 332 489 28 572 1 0.42 0.41 0.40 0 0 1016848 923644 93204 106068 8204 601980 78836 89740 164480 14336 512696 5752 1108988 492 1108496 0 0 48 0 0 237484 6589 53 10767 0 0 0 0 27120 322 13 0 0 30 0 0 0 0 0 14 11 4 9 0 0 0 0 0 16 5 21 6554 88 6641 0 0 0 112290 2656 3 15199 0 0 0 0 0 0 0 0 0 0 0 0 0 0 0 0 0 0 0 0 0 2067 1200 751 281 69 34 18 10 9 5 4
20170227 00:12:10 7 0 6 7 0 0 0 79 13 0 0 398 664 41 572 1 0.35 0.39 0.39 1 0 1016848 921568 95280 106044 6156 602008 78832 89728 164496 14336 512696 5752 1108988 492 1108496 0 0 76 0 0 236480 11949 74 14999 0 0 0 0 27116 322 13 0 0 30 2 0 0 0 0 14 11 4 9 0 0 0 0 0 29 9 38 11878 144 12023 0 0 0 112290 2656 3 15199 0 0 0 0 0 0 0 0 0 0 0 0 0 0 0 0 0 0 0 0 0 2406 1272 754 284 69 34 18 10 9 5 4
20170227 00:12:20 7 0 4 3 0 0 0 85 11 0 0 324 466 26 576 4 0.30 0.38 0.39 4 0 1016848 922900 93948 106044 6156 602036 78832 89724 165376 14336 516908 5752 1108988 492 1108496 0 0 104 0 0 236476 6179 37 10100 0 0 0 0 27116 322 13 0 0 30 4 0 0 0 0 14 11 4 9 0 0 0 0 0 15 4 20 6144 72 6216 0 0 0 112296 2688 3 15205 0 0 0 0 0 0 0 0 0 0 0 0 0 0 0 0 0 0 0 0 0 2091 1286 751 280 69 34 18 10 9 5 4
20170227 00:12:30 6 0 7 8 0 1 0 78 14 0 0 417 800 40 574 1 0.25 0.37 0.39 1 0 1016848 922252 94596 106044 6156 602064 78832 89732 164804 14336 513512 5752 1108988 492 1108496 0 0 40 0 0 236480 12360 86 14743 0 0 0 0 27116 322 13 0 0 30 2 0 0 0 0 15 11 4 9 0 0 0 0 0 30 10 40 12289 157 12446 0 0 0 112292 2656 3 15199 0 0 0 0 0 0 0 0 0 0 0 0 0 0 0 0 0 0 0 0 0 2330 1238 757 279 69 34 18 10 9 5 4
20170227 00:12:40 7 0 5 3 0 0 0 85 12 0 0 339 497 28 572 1 0.53 0.42 0.40 0 0 1016848 921964 94884 106044 6156 602088 78836 89728 164504 14336 512696 5752 1108988 492 1108496 0 0 60 0 0 236476 6179 38 10771 0 0 0 0 27120 322 13 0 0 30 2 0 0 0 0 15 11 4 9 0 0 0 0 0 15 9 24 6143 73 6216 0 0 0 112292 2656 3 15199 0 0 0 0 0 0 0 0 0 0 0 0 0 0 0 0 0 0 0 0 0 2373 1269 754 277 69 34 18 10 9 5 4
20170227 00:12:50 7 0 7 8 0 0 0 78 14 0 0 419 737 42 574 1 0.45 0.41 0.40 1 0 1016848 922232 94616 106044 6156 602116 78832 89716 164808 14336 513512 5752 1108988 492 1108496 0 0 84 0 0 236476 12358 74 15134 0 0 0 0 27116 322 13 0 0 30 2 0 0 0 0 15 11 4 9 0 0 0 0 0 30 28 58 12288 144 12432 0 0 0 112292 2656 3 15199 0 0 0 0 0 0 0 0 0 0 0 0 0 0 0 0 0 0 0 0 0 2358 1226 756 280 69 34 18 10 9 5 4
20170227 00:13:00 7 0 5 4 0 0 0 84 13 0 0 348 502 28 572 1 0.46 0.41 0.40 1 0 1016848 921832 95016 106044 6156 602148 78836 89732 164480 14336 512696 5752 1108988 492 1108496 0 0 120 0 0 236480 6179 41 10772 0 0 0 0 27120 322 13 0 0 30 2 0 0 0 0 15 11 4 9 0 0 0 0 0 15 11 26 6144 77 6221 0 0 0 112292 2656 3 15199 0 0 0 0 0 0 0 0 0 0 0 0 0 0 0 0 0 0 0 0 0 2463 1222 757 280 69 34 18 10 9 5 4
20170227 00:13:10 7 0 7 7 0 0 0 78 15 0 0 412 675 42 574 1 0.39 0.40 0.40 1 0 1016848 922276 94572 106044 6156 602176 78832 89740 164824 14336 513512 5752 1108988 492 1108496 0 0 56 0 0 236476 12358 84 15135 0 0 0 0 27116 322 13 0 0 30 2 0 0 0 0 14 11 4 9 0 0 0 0 0 30 9 39 12288 154 12442 0 0 0 112292 2656 3 15199 0 0 0 0 0 0 0 0 0 0 0 0 0 0 0 0 0 0 0 0 0 2295 1248 753 282 69 34 18 10 9 5 4
20170227 00:13:20 6 0 5 4 0 0 0 85 11 0 0 332 487 28 572 1 0.33 0.38 0.39 1 0 1016848 921844 95004 106044 6156 602204 78832 89736 164488 14336 512696 5752 1108988 492 1108496 0 0 84 0 0 236484 6179 37 10657 0 0 0 0 27116 322 13 0 0 30 3 0 0 0 0 14 11 4 10 0 0 0 0 0 15 6 21 6144 72 6216 0 0 0 112294 2656 3 15199 0 0 0 0 0 0 0 0 0 0 0 0 0 0 0 0 0 0 0 0 0 2413 1247 757 279 69 34 18 10 9 5 4
20170227 00:13:30 11 0 8 7 0 1 0 74 19 0 0 472 808 43 576 1 0.28 0.37 0.39 1 0 1016848 922440 94408 106044 6156 602208 78832 89748 164828 14336 513512 5752 1108988 492 1108496 0 0 104 0 0 236464 12358 76 16405 0 0 0 0 27116 323 13 0 0 31 5 0 0 0 0 15 11 4 9 0 0 0 0 0 30 9 39 12288 146 12434 0 0 0 112296 2656 3 15200 0 0 0 0 0 0 0 0 0 0 0 0 0 0 0 0 0 0 0 0 0 2140 1321 755 279 68 34 18 10 9 5 4
20170227 00:13:40 6 0 4 4 0 0 0 85 11 0 0 323 487 28 572 2 0.24 0.36 0.39 1 0 1016848 921944 94904 106044 6156 602252 78832 89744 164484 14336 512696 5752 1108988 492 1108496 0 0 36 0 0 236476 6180 47 10771 0 0 0 0 27116 322 13 0 0 30 2 0 0 0 0 15 11 4 9 0 0 0 0 0 15 6 21 6145 82 6227 0 0 0 112296 2656 3 15199 0 0 0 0 0 0 0 0 0 0 0 0 0 0 0 0 0 0 0 0 0 2387 1244 759 279 69 34 18 10 9 5 4
20170227 00:13:50 7 0 6 5 0 1 0 81 14 0 0 383 592 40 581 2 0.20 0.35 0.38 0 1 1016848 927424 89424 106044 8716 602248 78832 90272 166656 14336 518568 5752 1108988 492 1108496 0 0 64 0 0 237940 9554 38 14690 0 0 0 0 27116 323 13 0 0 31 5 0 0 0 0 15 11 4 9 0 0 0 0 0 23 7 30 9469 72 9541 0 0 0 112303 2688 3 15206 0 0 0 0 0 0 0 0 0 0 0 0 0 0 0 0 0 0 0 0 0 1414 1093 743 277 68 34 18 10 9 5 4
20170227 00:14:00 7 0 6 6 0 0 0 81 13 0 0 381 611 30 571 1 0.17 0.34 0.38 1 0 1016848 922020 94828 106044 6156 602308 78832 89748 164488 14336 512696 5752 1108988 492 1108496 0 0 92 0 0 236476 9088 184 11214 0 0 0 0 27116 322 13 0 0 30 2 0 0 0 0 15 11 4 9 0 0 0 0 0 22 19 41 8962 361 9323 0 0 0 112296 2656 3 15199 0 0 0 0 0 0 0 0 0 0 0 0 0 0 0 0 0 0 0 0 0 2391 1246 758 276 69 34 18 10 9 5 4
20170227 00:14:10 7 0 5 4 0 0 0 84 12 0 0 354 532 37 582 5 0.14 0.33 0.37 5 0 1016848 924276 92572 106044 6156 602316 78832 89752 165964 14336 517880 5752 1108988 492 1108496 0 0 112 0 0 236464 6180 39 13471 0 0 0 0 27116 323 13 0 0 31 4 0 0 0 0 14 11 4 9 0 0 0 0 0 15 5 20 6145 74 6219 0 0 0 112304 2688 3 15208 0 0 0 0 0 0 0 0 0 0 0 0 0 0 0 0 0 0 0 0 0 1839 1272 746 276 68 34 18 10 9 5 4
20170227 00:14:20 8 0 6 7 0 0 0 79 14 0 0 408 641 35 573 4 0.27 0.35 0.38 4 0 1016848 933272 83576 106044 6156 602360 78832 90496 175796 14336 525444 5752 1108988 492 1108496 0 0 52 0 0 236476 12342 83 12631 0 0 0 0 27116 322 13 0 0 30 1 0 0 0 0 15 11 4 9 0 0 0 0 0 30 10 40 12272 153 12425 0 0 0 112300 2720 3 15203 0 0 0 0 0 0 0 0 0 0 0 0 0 0 0 0 0 0 0 0 0 679 686 757 279 69 34 18 10 9 5 4
20170227 00:14:30 8 0 7 4 0 0 0 81 15 0 0 385 656 35 578 1 0.23 0.34 0.38 1 0 1016848 923924 92924 106044 6156 602368 78832 89756 165736 14336 515316 5752 1108988 492 1108496 0 0 84 0 0 236460 6187 40 13568 0 0 0 0 27116 323 13 0 0 31 4 0 0 0 0 15 11 4 9 0 0 0 0 0 15 5 20 6151 75 6226 0 0 0 112300 2688 3 15202 0 0 0 0 0 0 0 0 0 0 0 0 0 0 0 0 0 0 0 0 0 1849 1307 748 277 68 34 18 10 9 5 4
20170227 00:14:40 6 0 6 7 0 1 0 80 13 0 0 394 626 35 571 1 0.19 0.32 0.37 1 0 1016848 922028 94820 106044 6156 602420 78832 89760 164488 14336 512696 5752 1108988 492 1108496 0 0 116 0 0 236480 12360 72 12726 0 0 0 0 27116 322 13 0 0 30 1 0 0 0 0 15 11 4 9 0 0 0 0 0 30 9 39 12289 143 12432 0 0 0 112298 2656 3 15199 0 0 0 0 0 0 0 0 0 0 0 0 0 0 0 0 0 0 0 0 0 2406 1232 754 279 69 34 18 10 9 5 4
20170227 00:14:50 7 0 5 4 0 0 0 84 12 0 0 353 525 35 578 1 0.16 0.31 0.37 1 0 1016848 923792 93056 106044 6156 602428 78832 89756 165712 14336 515316 5752 1108988 492 1108496 0 0 32 0 0 236460 6178 50 13134 0 0 0 0 27116 323 13 0 0 31 3 0 0 0 0 15 11 4 9 0 0 0 0 0 15 5 20 6143 85 6228 0 0 0 112300 2688 3 15202 0 0 0 0 0 0 0 0 0 0 0 0 0 0 0 0 0 0 0 0 0 1957 1262 749 278 68 34 18 10 9 5 4
20170227 00:15:00 6 0 5 12 0 0 0 77 11 0 0 377 630 35 571 1 0.14 0.30 0.37 1 0 1016848 922256 94592 106044 6156 602480 78832 89764 164484 14336 512696 5752 1108988 492 1108496 0 0 68 0 0 236480 12360 79 12908 0 0 0 0 27116 322 13 0 0 30 1 0 0 0 0 15 11 4 9 0 0 0 0 0 30 11 41 12289 149 12438 0 0 0 112298 2656 3 15199 0 0 0 0 0 0 0 0 0 0 0 0 0 0 0 0 0 0 0 0 0 2402 1210 757 277 69 34 18 10 9 5 4
20170227 00:15:10 5 0 4 4 0 0 0 87 9 0 0 307 493 29 571 1 0.20 0.31 0.37 1 0 1016848 922236 94612 106044 6156 602508 78832 89760 164484 14336 512696 5752 1108988 492 1108496 0 0 24 0 0 236480 6177 43 10881 0 0 0 0 27116 321 13 0 0 29 1 0 0 0 0 15 12 4 9 0 0 0 0 0 15 6 21 6144 76 6220 0 0 0 112297 2656 3 15198 0 0 0 0 0 0 0 0 0 0 0 0 0 0 0 0 0 0 0 0 0 2408 1205 757 278 69 34 18 10 9 5 4
20170227 00:15:20 6 0 5 8 0 0 0 80 12 0 0 400 670 41 573 1 0.17 0.30 0.36 1 0 1016848 922656 94192 106044 6156 602532 78832 89764 164800 14336 513512 5752 1108988 492 1108496 0 0 60 0 0 236476 12354 69 15028 0 0 0 0 27116 322 13 0 0 30 2 0 0 0 0 14 11 4 9 0 0 0 0 0 30 9 39 12288 134 12422 0 0 0 112298 2656 3 15199 0 0 0 0 0 0 0 0 0 0 0 0 0 0 0 0 0 0 0 0 0 2331 1197 755 278 69 34 18 10 9 5 4
20170227 00:15:30 7 0 4 4 0 0 0 85 11 0 0 342 608 30 571 1 0.14 0.29 0.36 1 0 1016848 922388 94460 106044 6156 602564 78832 89768 164484 14336 512696 5752 1108988 492 1108496 0 0 96 0 0 236476 6179 41 12012 0 0 0 0 27116 322 13 0 0 30 1 0 0 0 0 14 11 4 9 0 0 0 0 0 15 5 20 6144 76 6220 0 0 0 112300 2656 3 15199 0 0 0 0 0 0 0 0 0 0 0 0 0 0 0 0 0 0 0 0 0 2412 1192 757 276 69 34 18 10 9 5 4
20170227 00:15:40 6 0 5 8 0 0 0 81 11 0 0 381 653 41 573 1 0.12 0.28 0.36 1 0 1016848 922740 94108 106044 6156 602588 78836 89772 164800 14336 513512 5752 1108988 492 1108496 0 0 40 0 0 236476 12360 82 15025 0 0 0 0 27120 322 13 0 0 30 1 0 0 0 0 14 11 4 9 0 0 0 0 0 30 10 40 12289 153 12442 0 0 0 112300 2656 3 15199 0 0 0 0 0 0 0 0 0 0 0 0 0 0 0 0 0 0 0 0 0 2329 1201 748 278 69 34 18 10 9 5 4
20170227 00:15:50 5 0 4 4 0 0 0 87 9 0 0 314 483 29 571 1 0.34 0.32 0.37 1 0 1016848 922308 94540 106044 6156 602616 78832 89768 164480 14336 512696 5752 1108988 492 1108496 0 0 64 0 0 236476 6179 38 11010 0 0 0 0 27116 322 13 0 0 30 1 0 0 0 0 14 11 4 9 0 0 0 0 0 15 5 20 6143 73 6216 0 0 0 112300 2656 3 15199 0 0 0 0 0 0 0 0 0 0 0 0 0 0 0 0 0 0 0 0 0 2382 1203 759 279 69 34 18 10 9 5 4
20170227 00:16:00 6 0 5 8 0 0 0 80 12 0 0 397 664 42 574 1 0.29 0.31 0.36 1 0 1016848 922832 94016 106044 6156 602644 78832 89772 164804 14336 513512 5752 1108988 492 1108496 0 0 96 0 0 236480 12358 77 15026 0 0 0 0 27116 322 13 0 0 30 1 0 0 0 0 14 11 4 9 0 0 0 0 0 30 9 39 12288 148 12436 0 0 0 112300 2656 3 15199 0 0 0 0 0 0 0 0 0 0 0 0 0 0 0 0 0 0 0 0 0 2282 1197 753 279 69 34 18 10 9 5 4
20170227 00:16:10 5 0 4 4 0 0 0 87 9 0 0 312 475 29 572 2 0.24 0.30 0.36 1 0 1016848 922400 94448 106044 6156 602668 78832 89772 164488 14336 512696 5752 1108988 492 1108496 0 0 112 0 0 236476 6179 38 10882 0 0 0 0 27116 322 13 0 0 30 1 0 0 0 0 13 11 4 9 0 0 0 0 0 15 4 20 6144 73 6217 0 0 0 112300 2656 3 15199 0 0 0 0 0 0 0 0 0 0 0 0 0 0 0 0 0 0 0 0 0 2298 1247 757 277 69 34 18 10 9 5 4
20170227 00:16:20 5 0 4 8 0 0 0 83 10 0 0 369 635 36 574 1 0.35 0.32 0.37 1 0 1016848 923024 93824 106044 6156 602696 78832 89776 164792 14336 513512 5752 1108988 492 1108496 0 0 44 0 0 236476 12358 84 12690 0 0 0 0 27116 321 13 0 0 29 1 0 0 0 0 14 11 4 9 0 0 0 0 0 30 9 39 12288 155 12443 0 0 0 112299 2656 3 15198 0 0 0 0 0 0 0 0 0 0 0 0 0 0 0 0 0 0 0 0 0 2210 1227 756 274 69 34 18 10 9 5 4
20170227 00:16:30 7 0 5 4 0 0 0 83 12 0 0 349 616 30 572 0 0.54 0.36 0.38 1 0 1016848 922708 94140 106044 6156 602728 78832 89776 164492 14336 512696 5752 1108988 492 1108496 0 0 72 0 0 236480 6180 39 12013 0 0 0 0 27116 322 13 0 0 30 1 0 0 0 0 16 12 4 9 0 0 0 0 0 15 5 20 6145 74 6219 0 0 0 112302 2656 3 15199 0 0 0 0 0 0 0 0 0 0 0 0 0 0 0 0 0 0 0 0 0 2309 1240 750 271 69 34 18 10 9 5 4
20170227 00:16:40 6 0 5 8 0 0 0 80 12 0 0 387 678 41 574 1 0.46 0.35 0.37 1 0 1016848 923120 93728 106044 6156 602756 78832 89764 164804 14336 513512 5752 1108988 492 1108496 0 0 104 0 0 236476 12357 74 15026 0 0 0 0 27116 321 13 0 0 29 2 0 0 0 0 11 9 3 8 0 0 0 0 0 30 12 42 12287 144 12431 0 0 0 112301 2656 3 15198 0 0 0 0 0 0 0 0 0 0 0 0 0 0 0 0 0 0 0 0 0 2259 1203 748 274 69 34 18 10 9 5 4
20170227 00:16:50 5 0 4 4 0 0 0 87 9 0 0 322 489 29 572 1 0.47 0.36 0.38 1 0 1016848 922576 94272 106044 6156 602784 78832 89776 164484 14336 512696 5752 1108988 492 1108496 0 0 36 0 0 236476 6180 47 11022 0 0 0 0 27116 321 13 0 0 29 1 0 0 0 0 18 13 4 9 0 0 0 0 0 15 5 20 6145 82 6227 0 0 0 112301 2656 3 15198 0 0 0 0 0 0 0 0 0 0 0 0 0 0 0 0 0 0 0 0 0 2311 1229 755 275 69 34 18 10 9 5 4
20170227 00:17:00 6 0 5 8 0 0 0 81 12 0 0 383 667 41 574 1 0.39 0.34 0.37 1 0 1016848 923104 93744 106044 6156 602812 78832 89764 164804 14336 513512 5752 1108988 492 1108496 0 0 64 0 0 236480 12358 79 15022 0 0 0 0 27116 321 13 0 0 29 2 0 0 0 0 15 12 4 9 0 0 0 0 0 30 10 40 12288 149 12437 0 0 0 112301 2656 3 15198 0 0 0 0 0 0 0 0 0 0 0 0 0 0 0 0 0 0 0 0 0 2231 1203 755 275 69 34 18 10 9 5 4
