################################################################################
# Collectl:   V4.0.4-1  HiRes: 1  Options: -D /etc/collectl.conf 
# Host:       topstorlin  DaemonOpts: -P -f /var/www/html/des20/Data -r00:00,7 -m -F5  -oz
# Booted:     1469443666.05 [20160725-13:47:46]
# Distro:     CentOS Linux release 7.2.1511 (Core)   Platform: VirtualBox
# Date:       20160725-141115  Secs: 1469445075 TZ: +0300
# SubSys:     bcdfijmnst Options: z Interval: 10 NumCPUs: 2  NumBud: 2 Flags: i
# Filters:    NfsFilt:  EnvFilt:  TcpFilt: ituc
# HZ:         100  Arch: x86_64-linux-thread-multi PageSize: 4096
# Cpu:        GenuineIntel Speed(MHz): 2194.920 Cores: 2  Siblings: 2 Nodes: 1
# Kernel:     3.10.0-327.18.2.el7.x86_64  Memory: 1274784 kB  Swap: 1048572 kB
# NumDisks:   2 DiskNames: sda sdb
# NumNets:    4 NetNames: enp0s3:1000 enp0s8:1000 enp0s9:1000 lo:??
# SCSI:       DA:0:00:00:00 CD:2:00:00:00 DA:3:00:00:00
################################################################################
#Date Time [CPU]User% [CPU]Nice% [CPU]Sys% [CPU]Wait% [CPU]Irq% [CPU]Soft% [CPU]Steal% [CPU]Idle% [CPU]Totl% [CPU]Guest% [CPU]GuestN% [CPU]Intrpt/sec [CPU]Ctx/sec [CPU]Proc/sec [CPU]ProcQue [CPU]ProcRun [CPU]L-Avg1 [CPU]L-Avg5 [CPU]L-Avg15 [CPU]RunTot [CPU]BlkTot [MEM]Tot [MEM]Used [MEM]Free [MEM]Shared [MEM]Buf [MEM]Cached [MEM]Slab [MEM]Map [MEM]Anon [MEM]AnonH [MEM]Commit [MEM]Locked [MEM]SwapTot [MEM]SwapUsed [MEM]SwapFree [MEM]SwapIn [MEM]SwapOut [MEM]Dirty [MEM]Clean [MEM]Laundry [MEM]Inactive [MEM]PageIn [MEM]PageOut [MEM]PageFaults [MEM]PageMajFaults [MEM]HugeTotal [MEM]HugeFree [MEM]HugeRsvd [MEM]SUnreclaim [SOCK]Used [SOCK]Tcp [SOCK]Orph [SOCK]Tw [SOCK]Alloc [SOCK]Mem [SOCK]Udp [SOCK]Raw [SOCK]Frag [SOCK]FragMem [NET]RxPktTot [NET]TxPktTot [NET]RxKBTot [NET]TxKBTot [NET]RxCmpTot [NET]RxMltTot [NET]TxCmpTot [NET]RxErrsTot [NET]TxErrsTot [DSK]ReadTot [DSK]WriteTot [DSK]OpsTot [DSK]ReadKBTot [DSK]WriteKBTot [DSK]KbTot [DSK]ReadMrgTot [DSK]WriteMrgTot [DSK]MrgTot [INODE]NumDentry [INODE]openFiles [INODE]MaxFile% [INODE]used [NFS]ReadsS [NFS]WritesS [NFS]MetaS [NFS]CommitS [NFS]Udp [NFS]Tcp [NFS]TcpConn [NFS]BadAuth [NFS]BadClient [NFS]ReadsC [NFS]WritesC [NFS]MetaC [NFS]CommitC [NFS]Retrans [NFS]AuthRef [TCP]IpErr [TCP]TcpErr [TCP]UdpErr [TCP]IcmpErr [TCP]Loss [TCP]FTrans [BUD]1Page [BUD]2Pages [BUD]4Pages [BUD]8Pages [BUD]16Pages [BUD]32Pages [BUD]64Pages [BUD]128Pages [BUD]256Pages [BUD]512Pages [BUD]1024Pages
20160725 14:11:30 17 0 14 2 0 1 0 66 32 0 0 1136 948 61 566 1 1.07 0.88 0.66 1 0 1274784 489696 785088 63264 8488 195448 51192 85380 158076 18432 519096 5760 1048572 0 1048572 0 0 64 0 0 88092 2048 183 21768 0 0 0 0 27004 280 11 0 17 24 1 0 0 0 0 18 15 4 5 0 0 0 0 0 5 24 30 2048 183 2231 0 2 2 29384 2336 2 21594 0 0 0 0 0 0 0 0 0 0 0 0 0 0 0 0 0 0 0 0 0 348 164 147 74 45 27 13 10 3 5 183
20160725 14:11:40 13 0 15 1 0 1 0 69 29 0 0 1061 910 76 572 3 0.91 0.85 0.65 2 0 1274784 495176 779608 63264 8488 195472 51204 85408 163600 20480 525284 5760 1048572 0 1048572 0 0 80 0 0 88092 2048 39 23684 0 0 0 0 27000 282 12 0 17 26 2 0 0 0 0 19 14 5 3 0 0 0 0 0 5 7 12 2048 39 2088 0 0 0 29394 2368 2 21605 0 0 0 0 0 0 0 0 0 0 0 0 0 0 0 0 0 0 0 0 0 108 67 81 74 59 23 13 9 3 4 183
20160725 14:11:50 17 0 15 2 0 1 0 64 34 0 0 1232 1190 87 573 5 0.99 0.87 0.66 5 0 1274784 496096 778688 63296 10536 195540 51228 85540 162016 20480 527348 5760 1048572 0 1048572 0 0 44 0 0 89108 4095 54 28673 0 0 0 0 27008 285 13 0 16 27 6 0 0 0 0 13 9 4 3 0 0 0 0 0 11 9 20 4095 54 4149 0 0 0 29424 2400 2 21627 0 0 0 0 0 0 0 0 0 0 0 0 0 0 0 0 0 0 0 0 0 8 85 164 108 77 27 6 4 4 5 182
20160725 14:12:00 14 0 14 1 0 1 0 70 29 0 0 1061 950 72 566 1 0.91 0.86 0.66 1 0 1274784 490908 783876 63264 8488 195544 51200 85424 159200 20480 519380 5760 1048572 0 1048572 0 0 80 0 0 88088 2049 75 23800 0 0 0 0 26976 281 11 0 16 25 1 0 0 0 0 17 12 5 3 0 0 0 0 0 5 13 18 2049 75 2125 0 0 0 29404 2336 2 21599 0 0 0 0 0 0 0 0 0 0 0 0 0 0 0 0 0 0 1 0 0 432 222 212 145 79 25 7 5 4 5 182
20160725 14:12:10 13 3 19 3 0 1 0 61 37 0 0 1230 1275 92 578 1 1.87 1.07 0.74 1 0 1274784 498532 776252 63296 8488 195620 51704 85472 164380 20480 530240 5760 1048572 0 1048572 0 0 128 0 0 88092 2459 393 31999 0 0 0 0 27440 285 15 0 17 28 2 0 0 0 0 11 8 3 2 0 0 0 0 0 7 61 68 2459 393 2852 0 0 0 29525 2528 2 21696 0 0 0 0 0 0 0 0 0 0 0 0 0 0 0 0 0 0 0 0 0 143 152 112 130 78 25 12 7 4 4 181
20160725 14:12:20 15 0 16 3 0 1 0 65 32 0 0 1140 1154 68 572 1 1.74 1.07 0.74 1 0 1274784 511140 763644 63296 10536 196380 51864 85912 172816 20480 537792 5760 1048572 0 1048572 0 0 96 0 0 89832 4167 129 24191 0 0 0 0 27584 284 14 0 17 27 2 0 0 0 0 11 9 3 2 0 0 0 0 0 11 24 35 4167 129 4297 0 0 0 29534 2560 2 21690 0 0 0 0 0 0 0 0 0 0 0 0 0 0 0 0 1 0 2 0 0 98 76 21 32 33 28 10 5 3 5 180
20160725 14:12:30 12 1 15 1 0 1 0 70 29 0 0 1026 875 62 568 0 1.47 1.04 0.73 0 0 1274784 496028 778756 63264 8488 196376 51816 85472 160148 20480 520616 5760 1048572 0 1048572 0 0 96 0 0 88804 2049 94 20788 0 0 0 0 27532 281 12 0 16 25 3 0 0 0 0 21 15 5 3 0 0 0 0 0 5 16 21 2049 94 2143 0 0 0 29468 2368 2 21622 0 0 0 0 0 0 0 0 0 0 0 0 0 0 0 0 0 0 1 0 0 363 373 227 140 88 28 11 7 3 5 180
20160725 14:12:40 16 0 15 1 0 1 0 66 33 0 0 1076 913 67 574 0 1.63 1.08 0.75 1 0 1274784 497776 777008 63264 8488 196412 51828 85480 161228 20480 522752 5760 1048572 0 1048572 0 0 100 0 0 88808 2048 47 23650 0 0 0 0 27560 282 13 0 19 26 3 0 0 0 0 15 11 4 3 0 0 0 0 0 5 8 13 2048 47 2095 0 0 0 29505 2400 2 21646 0 0 0 0 0 0 0 0 0 0 0 0 0 0 0 0 0 0 0 0 0 237 147 225 140 81 29 11 7 4 5 180
20160725 14:12:50 14 0 12 3 0 1 0 70 28 0 0 1057 1062 59 567 0 1.52 1.08 0.75 0 0 1274784 497276 777508 63264 10536 196436 51716 85504 159356 20480 519380 5760 1048572 0 1048572 0 0 128 0 0 89828 4096 42 21071 0 0 0 0 27460 279 11 0 16 23 1 0 0 0 0 14 10 3 2 0 0 0 0 0 11 7 18 4096 42 4138 0 0 0 29467 2304 2 21607 0 0 0 0 0 0 0 0 0 0 0 0 0 0 0 0 0 0 0 0 0 457 272 196 130 90 19 11 7 4 5 180
20160725 14:13:00 11 0 12 2 0 1 0 73 25 0 0 900 770 48 569 2 1.37 1.06 0.75 1 0 1274784 505268 769516 63264 8488 196464 51916 85544 168676 20480 539068 5760 1048572 0 1048572 0 0 68 0 0 88772 2047 94 16912 0 0 0 0 27660 288 13 0 18 30 4 0 0 0 0 32 25 7 9 0 0 0 0 0 5 14 19 2047 94 2141 0 0 0 29489 2432 2 21628 0 0 0 0 0 0 0 0 0 0 0 0 0 0 0 0 0 0 0 0 0 7 94 85 47 68 25 13 5 5 5 180
20160725 14:13:10 20 0 28 1 0 1 0 49 50 0 0 1665 1543 215 577 2 1.39 1.08 0.76 2 0 1274784 499652 775132 63264 8488 196504 51948 85548 161388 20480 530292 5760 1048572 0 1048572 0 0 104 0 0 88776 2050 44 59764 0 0 0 0 27692 283 12 0 21 27 3 0 0 0 0 13 9 4 3 0 0 0 0 0 5 7 13 2050 44 2094 0 0 0 29496 2368 2 21622 0 0 0 0 0 0 0 0 0 0 0 0 0 0 0 0 0 0 1 0 0 215 159 240 128 67 19 11 6 5 5 180
20160725 14:13:20 15 0 20 3 0 1 0 61 36 0 0 1404 1438 176 570 1 1.25 1.06 0.76 1 0 1274784 507084 767700 63296 10536 200660 52056 85584 162428 20480 533408 5760 1048572 0 1048572 0 0 116 0 0 93884 4510 47 49493 0 0 0 0 27768 284 13 0 16 27 2 0 0 0 0 10 8 3 3 0 0 0 0 0 12 8 20 4510 47 4557 0 0 0 29568 2432 2 21680 0 0 0 0 0 0 0 0 0 0 0 0 0 0 0 0 0 0 0 0 0 127 35 37 96 66 25 11 5 5 4 180
20160725 14:13:30 22 0 30 1 0 1 0 46 54 0 0 1705 1551 215 570 0 1.37 1.09 0.77 1 0 1274784 504444 770340 63296 8488 200700 52096 85608 162548 20480 533544 5760 1048572 0 1048572 0 0 64 0 0 92864 2049 93 59810 0 0 0 0 27772 285 13 0 19 28 1 0 0 0 0 14 11 4 4 0 0 0 0 0 5 13 19 2049 93 2142 0 0 0 29584 2464 2 21680 0 0 0 0 0 0 0 0 0 0 0 0 0 0 0 0 0 0 1 0 0 357 180 155 150 44 23 13 9 3 3 180
20160725 14:13:40 20 0 28 0 0 1 0 51 49 0 0 1747 1660 236 579 2 1.75 1.18 0.80 2 0 1274784 506364 768420 63336 8488 200780 52168 85680 163872 20480 536344 5760 1048572 0 1048572 0 0 36 0 0 92860 2048 50 64149 0 0 0 0 27820 285 14 0 19 28 1 0 0 0 0 12 9 4 4 0 0 0 0 0 5 8 13 2048 50 2098 0 0 0 29591 2496 2 21687 0 0 0 0 0 0 0 0 0 0 0 0 0 0 0 0 0 0 0 0 0 113 152 150 150 73 30 6 6 3 3 180
20160725 14:13:50 24 0 32 2 0 2 0 40 57 0 0 1940 1964 254 572 2 1.86 1.23 0.82 3 0 1274784 507216 767568 63296 10536 200788 52176 85648 162904 20480 534012 5760 1048572 0 1048572 0 0 100 0 0 93880 4096 48 70366 0 0 0 0 27836 284 13 0 18 27 1 0 0 0 0 14 11 4 4 0 0 0 0 0 11 8 18 4096 48 4144 0 0 0 29605 2464 2 21686 0 0 0 0 0 0 0 0 0 0 0 0 0 0 0 0 0 0 0 0 0 78 193 153 162 80 25 9 4 4 4 179
20160725 14:14:00 19 0 27 1 0 1 0 52 47 0 0 1770 1794 262 574 4 1.81 1.24 0.83 2 0 1274784 504892 769892 63296 8488 200820 52052 85896 162832 20480 535240 5760 1048572 0 1048572 0 0 132 0 0 92856 2049 79 69961 0 0 0 0 27712 282 12 0 17 25 1 0 0 0 0 18 14 5 4 0 0 0 0 0 5 12 18 2049 79 2128 0 0 0 29602 2432 2 21683 0 0 0 0 0 0 0 0 0 0 0 0 0 0 0 0 0 0 1 0 0 137 188 179 188 81 31 9 4 4 4 179
20160725 14:14:10 22 1 33 1 0 2 0 41 58 0 0 1896 1798 251 577 4 1.70 1.23 0.83 5 0 1274784 505788 768996 63296 8488 200848 52228 85720 163476 20480 535696 5760 1048572 0 1048572 0 0 76 0 0 92872 2047 234 69310 0 0 0 0 27888 284 12 0 16 26 1 0 1 0 0 16 12 5 4 0 0 0 0 0 5 23 28 2047 234 2282 0 0 0 29603 2464 2 21677 0 0 0 0 0 0 0 0 0 0 0 0 0 0 0 0 0 0 0 0 0 111 168 177 187 74 30 11 3 4 4 179
20160725 14:14:20 26 0 37 1 0 2 0 34 65 0 0 2010 1816 270 577 5 1.97 1.30 0.86 5 0 1274784 519888 754896 63296 10536 200904 52232 86568 174064 20480 546048 5760 1048572 0 1048572 0 0 96 0 0 93884 4096 51 73852 0 0 0 0 27868 283 12 0 15 26 3 0 0 0 0 12 9 4 4 0 0 0 0 0 11 8 19 4096 51 4147 0 0 0 29620 2528 2 21681 0 0 0 0 0 0 0 0 0 0 0 0 0 0 0 0 0 0 0 0 0 241 114 50 27 21 15 8 3 3 4 179
20160725 14:14:30 17 0 30 1 0 1 0 50 49 0 0 1745 1659 244 573 2 1.75 1.28 0.86 1 0 1274784 506496 768288 63296 8488 200932 52208 85684 162912 20480 534948 5760 1048572 0 1048572 0 0 112 0 0 92860 2049 92 64745 0 0 0 0 27852 284 13 0 14 27 1 0 0 0 0 12 9 4 4 0 0 0 0 0 5 15 20 2049 92 2141 0 0 0 29629 2464 2 21688 0 0 0 0 0 0 0 0 0 0 0 0 0 0 0 0 0 0 0 0 0 288 182 153 195 87 22 10 3 3 4 179
20160725 14:14:40 26 0 34 0 0 2 0 37 63 0 0 1943 1723 242 571 3 1.78 1.30 0.87 1 0 1274784 505292 769492 63296 8488 200984 52148 85708 162188 20480 533244 5760 1048572 0 1048572 0 0 152 0 0 92872 2049 42 66238 0 0 0 0 27788 284 12 0 18 27 2 0 0 0 0 18 13 5 4 0 0 0 0 0 5 7 13 2049 42 2091 0 0 0 29629 2400 2 21674 0 0 0 0 0 0 0 0 0 0 0 0 0 0 0 0 0 0 1 0 0 288 243 161 171 89 22 15 5 4 5 178
20160725 14:14:50 22 0 28 1 0 1 0 48 51 0 0 1749 1658 198 578 3 2.11 1.39 0.90 3 0 1274784 507376 767408 63296 8488 200996 52208 85964 163524 20480 536244 5760 1048572 0 1048572 0 0 68 0 0 92864 2458 82 55344 0 0 0 0 27848 284 13 0 16 27 2 0 0 0 0 8 6 2 2 0 0 0 0 0 6 12 18 2458 82 2540 0 0 0 29636 2464 2 21682 0 0 0 0 0 0 0 0 0 0 0 0 0 0 0 0 0 0 1 0 0 309 318 182 135 81 24 11 4 4 5 178
20160725 14:15:00 20 0 31 2 0 1 0 46 52 0 0 1872 1845 253 571 4 2.41 1.48 0.94 3 0 1274784 512104 762680 63296 10536 201024 52184 85780 167024 20480 538556 5760 1048572 0 1048572 0 0 76 0 0 93888 4506 101 69217 0 0 0 0 27816 285 13 0 17 27 1 0 1 0 0 8 6 2 3 0 0 0 0 0 12 22 34 4506 101 4608 0 1 1 29646 2464 2 21677 0 0 0 0 0 0 0 0 0 0 0 0 0 0 0 0 0 0 0 0 0 64 42 13 134 87 23 11 6 4 5 178
20160725 14:15:10 21 3 36 3 0 2 0 35 62 0 0 2054 2050 250 577 4 2.19 1.46 0.94 1 0 1274784 511704 763080 63328 8488 201072 52456 86012 166972 20480 543028 5760 1048572 0 1048572 0 0 100 0 0 92860 2048 620 70179 0 0 0 0 28028 288 15 0 16 30 2 0 0 0 0 11 8 3 2 0 0 0 0 0 5 65 70 2048 620 2668 0 0 0 29767 2592 2 21780 0 0 0 0 0 0 0 0 0 0 0 0 0 0 0 0 0 0 1 0 0 188 151 107 100 80 25 10 4 4 5 178
20160725 14:15:20 20 0 28 1 0 1 0 50 49 0 0 1696 1563 235 583 3 1.93 1.43 0.93 3 0 1274784 512812 761972 63328 8488 201096 52552 86032 167748 20480 544764 5760 1048572 0 1048572 0 0 76 0 0 92840 2046 45 63978 0 0 0 0 28112 288 15 0 16 30 2 0 0 0 0 8 5 2 2 0 0 0 0 0 5 8 14 2046 45 2091 0 0 0 29744 2624 2 21758 0 0 0 0 0 0 0 0 0 0 0 0 0 0 0 0 1 0 2 0 0 175 58 74 124 96 25 17 5 4 5 177
20160725 14:15:30 21 1 32 1 0 2 0 43 56 0 0 1857 1748 235 572 4 2.16 1.50 0.96 1 0 1274784 506708 768076 63296 8488 201100 52372 85788 162952 20480 534396 5760 1048572 0 1048572 0 0 100 0 0 92840 4101 97 66037 0 0 0 0 28000 282 12 0 20 25 2 0 0 0 0 8 7 2 3 0 0 0 0 0 11 19 29 4101 97 4198 0 1 1 29682 2432 2 21679 0 0 0 0 0 0 0 0 0 0 0 0 0 0 0 0 0 0 1 0 0 485 349 260 152 86 22 12 5 5 5 177
20160725 14:15:40 18 0 30 1 0 1 0 49 50 0 0 1709 1595 227 570 0 2.14 1.51 0.97 2 0 1274784 507316 767468 63296 8488 201108 52268 85768 163228 20480 533984 5760 1048572 0 1048572 0 0 80 0 0 92840 2048 64 60107 0 0 0 0 27896 283 13 0 17 26 1 0 0 0 0 13 9 3 3 0 0 0 0 0 5 14 19 2048 65 2112 0 0 0 29690 2432 2 21687 0 0 0 0 0 0 0 0 0 0 0 0 0 0 0 0 0 0 0 0 0 541 335 260 150 82 19 12 5 5 5 177
20160725 14:15:50 25 0 30 0 0 2 0 43 57 0 0 1766 1656 216 571 1 1.96 1.50 0.97 2 0 1274784 506768 768016 63296 8488 201164 52232 85808 162964 20480 533684 5760 1048572 0 1048572 0 0 128 0 0 92840 2049 38 61171 0 0 0 0 27860 283 12 0 18 26 2 0 0 0 0 14 11 3 3 0 0 0 0 0 5 8 13 2049 38 2087 0 0 0 29698 2400 2 21681 0 0 0 0 0 0 0 0 0 0 0 0 0 0 0 0 0 0 1 0 0 429 320 203 165 85 27 13 5 5 5 177
20160725 14:16:00 20 0 29 3 0 1 0 47 51 0 0 1800 1748 245 580 4 2.04 1.53 0.99 3 0 1274784 511140 763644 63296 10536 201168 52356 85884 164460 20480 538056 5760 1048572 0 1048572 0 0 48 0 0 93860 4100 80 66880 0 0 0 0 27952 284 13 0 18 27 4 0 0 0 0 13 9 3 3 0 0 0 0 0 11 13 24 4100 80 4180 0 1 1 29758 2464 2 21737 0 0 0 0 0 0 0 0 0 0 0 0 0 0 0 0 0 0 0 0 0 167 262 188 134 71 20 14 5 5 5 177
20160725 14:16:10 22 1 35 2 0 2 0 38 60 0 0 1976 1977 296 572 2 2.04 1.54 1.00 1 0 1274784 507340 767444 63296 8488 201216 52360 85876 163152 20480 534400 5760 1048572 0 1048572 0 0 100 0 0 92844 2052 625 81024 0 0 0 0 27936 283 12 0 19 26 3 0 0 0 0 12 8 3 2 0 0 0 0 0 6 33 39 2052 625 2678 0 0 0 29758 2432 2 21716 0 0 0 0 0 0 0 0 0 0 0 0 0 0 0 0 0 0 0 0 0 428 285 244 178 86 23 10 5 5 5 177
20160725 14:16:20 14 0 23 1 0 1 0 62 38 0 0 1440 1489 218 572 2 1.81 1.51 0.99 1 0 1274784 507036 767748 63296 8488 201232 52348 85840 162836 20480 533212 5760 1048572 0 1048572 0 0 108 0 0 92848 2049 225 57686 0 0 0 0 27932 284 12 0 14 27 3 0 0 0 0 14 9 3 3 0 0 0 0 0 5 12 17 2049 225 2273 0 0 0 29755 2400 2 21713 0 0 0 0 0 0 0 0 0 0 0 0 0 0 0 0 0 0 0 0 0 327 354 263 176 81 22 10 5 5 5 177
20160725 14:16:30 21 0 34 2 0 2 0 42 57 0 0 1939 1888 290 577 3 1.83 1.53 1.00 3 0 1274784 510708 764076 63296 10536 201244 52524 85928 164260 20480 536484 5760 1048572 0 1048572 0 0 68 0 0 93868 4099 109 78286 0 0 0 0 28008 284 13 0 15 26 3 0 1 0 0 12 8 2 3 0 0 0 0 0 11 16 27 4099 109 4208 0 1 1 29853 2464 2 21810 0 0 0 0 0 0 0 0 0 0 0 0 0 0 0 0 0 0 0 0 0 249 293 235 161 67 16 10 5 5 5 177
20160725 14:16:40 28 0 36 0 0 2 0 33 66 0 0 2147 1904 281 574 3 2.00 1.57 1.02 1 0 1274784 511452 763332 63296 10536 201292 52664 85868 163700 20480 541960 5760 1048572 0 1048572 0 0 84 0 0 94896 2459 74 76253 0 0 0 0 28100 287 12 0 18 30 3 0 0 0 0 25 24 6 11 0 0 0 0 0 6 12 18 2459 74 2533 0 0 0 29867 2400 2 21808 0 0 0 0 0 0 0 0 0 0 0 0 0 0 0 0 0 0 1 0 0 348 282 185 152 77 16 7 6 5 5 177
20160725 14:16:50 17 0 18 2 0 1 0 62 37 0 0 1374 1325 152 575 4 1.70 1.52 1.01 4 0 1274784 520096 754688 63268 8488 201288 52796 86380 174312 20480 553252 5760 1048572 0 1048572 0 0 96 0 0 92856 2047 68 43033 0 0 0 0 28232 284 13 0 17 27 3 0 0 0 0 11 8 3 5 0 0 0 0 0 5 11 17 2047 68 2115 0 0 0 29885 2496 2 21826 0 0 0 0 0 0 0 0 0 0 0 0 0 0 0 0 0 0 0 0 0 302 291 266 132 40 12 12 1 4 5 176
20160725 14:17:00 23 0 35 1 0 2 0 38 60 0 0 2131 2265 326 580 1 1.59 1.50 1.01 3 1 1274784 514684 760100 63296 10536 201380 52808 86268 166280 20480 547108 5760 1048572 0 1048572 0 0 144 0 0 93896 4099 125 88172 0 0 0 0 28220 286 14 0 19 28 4 0 1 0 0 13 10 4 4 0 0 0 0 0 11 21 31 4099 125 4224 0 2 2 29909 2496 2 21836 0 0 0 0 0 0 0 0 0 0 0 0 0 0 0 0 0 0 0 0 0 266 187 168 142 57 23 14 8 3 4 177
20160725 14:17:10 23 0 35 1 0 1 0 39 60 0 0 1985 1854 293 574 1 1.82 1.55 1.04 1 0 1274784 510124 764660 63296 8488 201384 52752 85900 164776 20480 542892 5760 1048572 0 1048572 0 0 88 0 0 92852 2049 76 77685 0 0 0 0 28172 284 13 0 17 27 1 0 0 0 0 8 6 2 2 0 0 0 0 0 5 11 17 2049 76 2124 0 0 0 29902 2464 2 21830 0 0 0 0 0 0 0 0 0 0 0 0 0 0 0 0 0 0 1 0 0 286 307 222 187 65 18 12 7 5 4 177
20160725 14:17:20 20 0 31 1 0 1 0 46 53 0 0 1843 1760 251 573 2 1.70 1.54 1.04 1 0 1274784 510124 764660 63296 8488 201396 52760 85900 164620 20480 542896 5760 1048572 0 1048572 0 0 96 0 0 92860 2048 241 67305 0 0 0 0 28172 284 13 0 16 27 3 0 0 0 0 9 7 3 3 0 0 0 0 0 5 17 22 2048 241 2289 0 0 0 29903 2464 2 21830 0 0 0 0 0 0 0 0 0 0 0 0 0 0 0 0 0 0 0 0 0 384 251 251 184 56 19 13 7 5 4 177
20160725 14:17:30 23 0 34 1 0 1 0 40 59 0 0 2071 2086 337 575 2 1.68 1.54 1.04 2 1 1274784 513296 761488 63296 10536 201440 52712 86004 165156 20480 544304 5760 1048572 0 1048572 0 0 116 0 0 93880 4096 96 90975 0 0 0 0 28128 283 12 0 17 26 2 0 0 0 0 9 7 2 2 0 0 0 0 0 10 14 25 4096 96 4192 0 0 0 29906 2464 2 21816 0 0 0 0 0 0 0 0 0 0 0 0 0 0 0 0 0 0 0 0 0 379 360 250 143 45 12 11 8 4 4 177
20160725 14:17:40 17 0 28 1 0 1 0 53 46 0 0 1646 1639 256 573 1 1.58 1.52 1.04 1 0 1274784 509368 765416 63296 8488 201452 52708 85928 163580 20480 540476 5760 1048572 0 1048572 0 0 44 0 0 92860 2048 80 67863 0 0 0 0 28124 283 12 0 16 26 2 0 0 0 0 8 7 2 3 0 0 0 0 0 5 11 16 2048 80 2129 0 0 0 29903 2432 2 21814 0 0 0 0 0 0 0 0 0 0 0 0 0 0 0 0 0 0 0 0 0 344 341 247 180 69 19 14 8 4 4 177
20160725 14:17:50 25 0 36 2 0 1 0 36 62 0 0 2167 2143 319 578 5 1.97 1.60 1.07 2 0 1274784 510852 763932 63296 8488 201492 52772 86092 165096 20480 544220 5760 1048572 0 1048572 0 0 88 0 0 92864 2048 75 85929 0 0 0 0 28204 283 12 0 14 26 3 0 0 0 0 11 8 3 3 0 0 0 0 0 5 11 16 2048 75 2122 0 0 0 29921 2464 2 21818 0 0 0 0 0 0 0 0 0 0 0 0 0 0 0 0 0 0 0 0 0 127 343 293 161 70 13 12 7 5 4 177
20160725 14:18:00 24 0 33 2 0 2 0 40 59 0 0 1903 1833 275 577 2 2.14 1.65 1.09 3 0 1274784 513752 761032 63296 10536 201504 52792 86056 165288 20480 544308 5760 1048572 0 1048572 0 0 104 0 0 93872 4097 64 74754 0 0 0 0 28216 284 13 0 14 27 3 0 0 0 0 19 13 3 4 0 0 0 0 0 11 10 20 4097 64 4162 0 1 1 29931 2464 2 21828 0 0 0 0 0 0 0 0 0 0 0 0 0 0 0 0 0 0 0 0 0 48 324 237 168 53 18 8 8 4 4 177
20160725 14:18:10 22 4 37 2 0 3 0 32 66 0 0 2217 2405 308 577 0 1.89 1.61 1.09 1 0 1274784 516572 758212 63300 10536 201536 53168 86080 167400 20480 548792 5760 1048572 0 1048572 0 0 128 0 0 93880 2049 1053 87958 0 0 0 0 28536 288 15 0 17 29 2 0 1 0 0 19 14 3 5 0 0 0 0 0 6 97 103 2049 1053 3102 0 0 0 30040 2624 2 21896 0 0 0 0 0 0 0 0 0 0 0 0 0 0 0 0 0 0 1 0 0 579 326 132 91 49 16 9 9 5 3 177
20160725 14:18:20 19 0 35 2 0 1 0 43 55 0 0 2056 2256 338 586 4 1.67 1.57 1.08 3 0 1274784 518452 756332 63328 8488 201600 53268 86156 170608 20480 554708 5760 1048572 0 1048572 0 0 84 0 0 92852 2048 147 88902 0 0 0 0 28644 289 16 0 14 31 2 0 0 0 0 10 8 2 3 0 0 0 0 0 5 30 36 2048 147 2195 0 0 0 30077 2656 2 21932 0 0 0 0 0 0 0 0 0 0 0 0 0 0 0 0 0 0 1 0 0 54 21 183 109 53 21 12 8 5 3 177
20160725 14:18:30 20 0 33 1 0 2 0 44 55 0 0 1910 1952 308 577 3 2.02 1.65 1.11 4 0 1274784 513332 761452 63296 10536 201588 53048 86256 164892 20480 543364 5760 1048572 0 1048572 0 0 108 0 0 93876 4097 94 82597 0 0 0 0 28460 283 12 0 17 26 3 0 0 0 0 11 9 2 6 0 0 0 0 0 11 19 29 4097 94 4190 0 1 1 29982 2432 2 21834 0 0 0 0 0 0 0 0 0 0 0 0 0 0 0 0 0 0 1 0 0 278 345 188 153 55 23 11 6 6 3 177
20160725 14:18:40 19 0 28 1 0 1 0 51 48 0 0 1727 1730 263 572 0 2.03 1.67 1.12 0 0 1274784 512000 762784 63296 10536 201604 53044 86024 163788 20480 540296 5760 1048572 0 1048572 0 0 92 0 0 93884 2049 43 71387 0 0 0 0 28440 283 12 0 19 26 1 0 0 0 0 12 9 3 6 0 0 0 0 0 5 9 14 2049 43 2091 0 0 0 29981 2432 2 21819 0 0 0 0 0 0 0 0 0 0 0 0 0 0 0 0 0 0 1 0 0 531 341 211 163 51 23 9 5 7 3 177
20160725 14:18:50 18 0 29 1 0 1 0 51 49 0 0 1757 1754 267 580 2 2.03 1.68 1.13 1 0 1274784 512640 762144 63296 8488 201636 53040 86048 165744 20480 544152 5760 1048572 0 1048572 0 0 64 0 0 92872 2049 71 71359 0 0 0 0 28440 283 12 0 15 26 1 0 0 0 0 8 6 2 3 0 0 0 0 0 5 14 19 2049 71 2119 0 0 0 29996 2432 2 21834 0 0 0 0 0 0 0 0 0 0 0 0 0 0 0 0 0 0 0 0 0 124 345 272 169 46 22 11 5 7 3 177
20160725 14:19:00 30 0 41 0 0 2 0 27 73 0 0 2230 2116 332 581 3 2.16 1.72 1.15 3 1 1274784 515312 759472 63296 10536 201672 53108 86136 166100 20480 545848 5760 1048572 0 1048572 0 0 80 0 0 93892 3277 72 90665 0 0 0 0 28500 285 13 0 17 28 5 0 0 0 0 13 9 4 3 0 0 0 0 0 8 13 21 3277 72 3349 0 1 1 30010 2464 2 21834 0 0 0 0 0 0 0 0 0 0 0 0 0 0 0 0 0 0 0 0 0 116 352 246 153 45 18 8 4 7 3 177
20160725 14:19:10 22 0 37 1 0 2 0 38 61 0 0 2172 2146 354 576 1 2.22 1.75 1.17 1 0 1274784 513032 761752 63296 10536 201708 53124 86068 164476 20480 541916 5760 1048572 0 1048572 0 0 108 0 0 93876 2868 37 92188 0 0 0 0 28500 282 12 0 17 25 2 0 0 0 0 20 15 5 4 0 0 0 0 0 8 8 15 2868 37 2905 0 0 0 30010 2400 2 21834 0 0 0 0 0 0 0 0 0 0 0 0 0 0 0 0 0 0 0 0 0 411 326 248 140 53 23 10 4 7 3 177
20160725 14:19:20 25 0 35 1 0 2 0 37 62 0 0 1988 1837 271 573 0 2.48 1.82 1.20 1 0 1274784 509940 764844 63296 8488 201744 53072 86136 163940 20480 540400 5760 1048572 0 1048572 0 0 132 0 0 92856 2048 69 73742 0 0 0 0 28456 285 12 0 16 27 2 0 1 0 0 14 11 4 5 0 0 0 0 0 5 14 19 2048 69 2117 0 0 0 30015 2400 2 21825 0 0 0 0 0 0 0 0 0 0 0 0 0 0 0 0 0 0 0 0 0 673 377 306 158 52 19 10 5 7 3 177
20160725 14:19:30 21 0 32 0 0 1 0 45 55 0 0 1988 1935 292 582 1 2.41 1.83 1.20 1 0 1274784 512084 762700 63296 8488 201780 53060 86120 165456 20480 543648 5760 1048572 0 1048572 0 0 76 0 0 92868 2049 72 77952 0 0 0 0 28448 285 13 0 15 28 2 0 0 0 0 7 5 2 3 0 0 0 0 0 5 12 17 2049 72 2120 0 1 1 30039 2464 2 21848 0 0 0 0 0 0 0 0 0 0 0 0 0 0 0 0 0 0 1 0 0 286 330 293 167 48 17 11 5 7 3 177
20160725 14:19:40 20 0 34 2 0 1 0 43 56 0 0 2038 2076 333 576 2 2.11 1.78 1.20 1 0 1274784 513556 761228 63296 10536 201796 53064 86152 165328 20480 542608 5760 1048572 0 1048572 0 0 84 0 0 93884 4096 70 88494 0 0 0 0 28452 284 13 0 17 27 1 0 0 0 0 8 6 2 2 0 0 0 0 0 11 14 25 4096 70 4166 0 0 0 30032 2464 2 21840 0 0 0 0 0 0 0 0 0 0 0 0 0 0 0 0 0 0 0 0 0 545 385 176 141 49 16 12 4 7 3 177
20160725 14:19:50 21 0 36 1 0 2 0 40 59 0 0 2184 2254 348 577 5 2.01 1.77 1.20 2 0 1274784 510876 763908 63296 8488 201832 53092 86256 164432 20480 541920 5760 1048572 0 1048572 0 0 112 0 0 92848 2048 66 91687 0 0 0 0 28464 283 12 0 16 26 4 0 0 0 0 8 6 3 3 0 0 0 0 0 5 13 18 2048 66 2115 0 0 0 30033 2400 2 21827 0 0 0 0 0 0 0 0 0 0 0 0 0 0 0 0 0 0 0 0 0 522 436 312 187 46 8 10 5 7 3 177
20160725 14:20:00 25 0 37 2 0 2 0 34 64 0 0 2131 2147 331 581 2 1.78 1.73 1.19 1 1 1274784 514924 759860 63296 10536 201792 53064 86252 166384 20480 545988 5760 1048572 0 1048572 0 0 64 0 0 93856 3277 74 89315 0 0 0 0 28444 284 13 0 16 27 11 0 0 0 0 10 7 3 3 0 0 0 0 0 8 12 20 3277 73 3351 0 1 1 30047 2464 2 21841 0 0 0 0 0 0 0 0 0 0 0 0 0 0 0 0 0 0 0 0 0 118 259 244 158 37 17 11 5 7 3 177
20160725 14:20:10 21 2 34 2 0 2 0 40 58 0 0 1990 2125 319 582 7 1.74 1.72 1.20 6 0 1274784 512504 762280 63296 8488 201900 53068 86172 165876 20480 547612 5760 1048572 0 1048572 0 0 116 0 0 92864 2868 483 86920 0 0 0 0 28436 283 12 0 17 26 3 0 0 0 0 15 12 4 5 0 0 0 0 0 8 36 43 2868 483 3350 0 0 0 30048 2432 2 21822 0 0 0 0 0 0 0 0 0 0 0 0 0 0 0 0 0 0 0 0 0 97 368 311 187 50 10 10 5 7 3 177
20160725 14:20:20 21 0 37 1 0 1 0 39 60 0 0 2335 2519 437 581 2 1.78 1.73 1.21 1 0 1274784 512268 762516 63296 8488 201928 53068 86184 165648 20480 544204 5760 1048572 0 1048572 0 0 140 0 0 92856 2049 41 114043 0 0 0 0 28436 284 13 0 16 27 2 0 0 0 0 17 12 4 4 0 0 0 0 0 5 8 13 2049 41 2089 0 0 0 30053 2464 2 21828 0 0 0 0 0 0 0 0 0 0 0 0 0 0 0 0 0 0 0 0 0 154 377 289 180 48 15 10 5 7 3 177
20160725 14:20:30 26 0 39 2 0 2 0 31 67 0 0 2307 2320 365 574 4 1.67 1.71 1.20 1 0 1274784 512944 761840 63296 10536 201976 53076 86236 164636 20480 541632 5760 1048572 0 1048572 0 0 68 0 0 93888 4097 120 98108 0 0 0 0 28448 284 12 0 18 26 4 0 1 0 0 18 13 5 5 0 0 0 0 0 11 22 32 4097 120 4217 0 1 1 30054 2400 2 21812 0 0 0 0 0 0 0 0 0 0 0 0 0 0 0 0 0 0 0 0 0 547 316 211 178 43 17 9 5 7 3 177
20160725 14:20:40 21 0 41 2 0 1 0 34 64 0 0 2344 2382 383 573 3 1.57 1.68 1.20 2 0 1274784 510872 763912 63296 8488 202004 53068 86204 164556 20480 542068 5760 1048572 0 1048572 0 0 104 0 0 92860 2048 67 99268 0 0 0 0 28448 283 12 0 14 26 2 0 0 0 0 15 10 4 4 0 0 0 0 0 5 12 18 2048 67 2115 0 0 0 30065 2432 2 21823 0 0 0 0 0 0 0 0 0 0 0 0 0 0 0 0 0 0 0 0 0 492 356 304 197 50 15 8 5 7 3 177
20160725 14:20:50 16 0 19 2 0 1 0 63 36 0 0 1212 1086 126 576 0 1.86 1.74 1.23 1 0 1274784 511768 763016 63296 8488 201992 53160 86200 165128 20480 542572 5760 1048572 0 1048572 0 0 92 0 0 92864 2457 68 36353 0 0 0 0 28524 283 13 0 16 26 3 0 0 0 0 8 5 2 2 0 0 0 0 0 6 12 19 2457 68 2525 0 0 0 30060 2432 2 21819 0 0 0 0 0 0 0 0 0 0 0 0 0 0 0 0 0 0 0 0 0 382 348 321 183 47 14 8 5 7 3 177
20160725 14:21:00 21 0 16 3 0 1 0 59 38 0 0 1230 1115 55 571 0 1.65 1.70 1.22 2 0 1274784 511400 763384 63296 8488 202136 53136 86256 164992 20480 541672 5760 1048572 0 1048572 0 0 68 0 0 92960 4108 105 21410 1 0 0 0 28524 283 13 0 17 26 3 0 0 0 0 18 16 4 15 0 0 0 0 0 11 17 28 4108 105 4212 0 1 1 30087 2432 2 21831 0 0 0 0 0 0 0 0 0 0 0 0 0 0 0 0 0 0 0 0 0 537 437 308 175 48 12 9 6 8 4 176
20160725 14:21:10 13 1 13 2 0 1 0 70 28 0 0 1033 972 48 568 3 1.39 1.65 1.21 2 0 1274784 519596 755188 63296 8488 202164 52912 86980 174240 20480 543900 5760 1048572 0 1048572 0 0 64 0 0 92924 2048 295 16832 0 0 0 0 28300 281 12 0 16 24 1 0 0 0 0 18 13 4 3 0 0 0 0 0 5 27 32 2048 295 2344 0 0 0 30076 2432 2 21809 0 0 0 0 0 0 0 0 0 0 0 0 0 0 0 0 0 0 0 0 0 186 127 88 130 57 13 9 6 8 4 176
20160725 14:21:20 15 0 13 1 0 1 0 70 28 0 0 987 844 51 577 3 1.18 1.59 1.19 2 0 1274784 511204 763580 63296 8488 202184 52924 86444 164676 20480 535660 5760 1048572 0 1048572 0 0 88 0 0 92928 2048 45 18847 0 0 0 0 28308 283 13 0 19 26 1 0 0 0 0 11 8 3 2 0 0 0 0 0 5 8 14 2048 45 2093 0 0 0 30096 2464 2 21816 0 0 0 0 0 0 0 0 0 0 0 0 0 0 0 0 0 0 0 0 0 356 511 314 183 58 11 8 6 8 4 176
20160725 14:21:30 15 0 13 3 0 1 0 68 30 0 0 966 770 43 568 0 1.22 1.59 1.20 1 0 1274784 511160 763624 63296 10536 202192 52912 86312 163304 20480 532800 5760 1048572 0 1048572 0 0 84 0 0 93948 4095 64 15826 0 0 0 0 28288 282 12 0 15 25 1 0 0 0 0 7 4 2 1 0 0 0 0 0 11 11 22 4095 64 4159 0 0 0 30092 2432 2 21809 0 0 0 0 0 0 0 0 0 0 0 0 0 0 0 0 0 0 0 0 0 722 458 263 161 53 13 9 6 8 4 176
20160725 14:21:40 13 0 9 2 0 1 0 75 23 0 0 845 781 36 578 5 1.03 1.54 1.18 5 0 1274784 518840 755944 63328 8488 202244 53064 87384 172412 20480 563068 5760 1048572 0 1048572 0 0 40 0 0 92924 2047 78 13945 0 0 0 0 28448 282 12 0 17 25 1 0 0 0 0 9 6 2 1 0 0 0 0 0 5 14 19 2047 78 2125 0 0 0 30118 2496 2 21823 0 0 0 0 0 0 0 0 0 0 0 0 0 0 0 0 0 0 0 0 0 71 124 112 172 56 15 6 6 8 4 176
20160725 14:21:50 14 0 12 2 0 1 0 71 27 0 0 956 793 42 575 0 0.87 1.49 1.17 0 0 1274784 511896 762888 63296 8488 202228 52968 86340 165244 20480 536172 5760 1048572 0 1048572 0 0 40 0 0 92932 2050 42 15347 0 0 0 0 28336 284 14 0 17 27 1 0 0 0 0 8 6 2 2 0 0 0 0 0 5 8 13 2050 42 2092 0 0 0 30131 2464 2 21835 0 0 0 0 0 0 0 0 0 0 0 0 0 0 0 0 0 0 0 0 0 156 385 325 182 58 18 7 6 8 4 176
20160725 14:22:00 16 0 12 3 0 1 0 68 29 0 0 1088 1026 46 572 1 0.97 1.49 1.18 3 0 1274784 512436 762348 63296 10536 202236 52948 86312 164628 20480 535428 5760 1048572 0 1048572 0 0 56 0 0 93948 4096 59 17851 0 0 0 0 28316 283 13 0 13 26 1 0 0 0 0 8 6 2 2 0 0 0 0 0 11 10 21 4096 59 4155 0 0 0 30123 2464 2 21826 0 0 0 0 0 0 0 0 0 0 0 0 0 0 0 0 0 0 0 0 0 380 412 271 169 53 18 7 6 8 4 176
20160725 14:22:10 14 1 11 2 0 1 0 71 27 0 0 1013 982 50 578 1 0.97 1.47 1.17 1 1 1274784 515500 759284 63296 8488 202264 53144 87396 168376 20480 548712 5760 1048572 0 1048572 0 0 60 0 0 92928 2048 464 18764 0 0 0 0 28472 285 12 0 15 24 1 0 0 0 0 10 10 3 3 0 0 0 0 0 5 25 31 2048 464 2512 0 0 0 30198 2592 2 21882 0 0 0 0 0 0 0 0 0 0 0 0 0 0 0 0 0 0 0 0 0 439 371 306 175 44 13 3 3 8 4 176
20160725 14:22:20 9 0 10 1 0 0 0 79 19 0 0 824 794 46 583 0 0.82 1.42 1.16 1 0 1274784 516896 757888 63296 8488 202272 53068 87548 169492 20480 551972 5760 1048572 0 1048572 0 0 56 0 0 92928 2048 48 16013 0 0 0 0 28404 287 13 0 15 26 1 0 0 0 0 10 8 2 2 0 0 0 0 0 5 7 13 2048 47 2095 0 0 0 30209 2592 2 21894 0 0 0 0 0 0 0 0 0 0 0 0 0 0 0 0 0 0 0 0 0 120 320 323 170 43 13 4 3 8 4 176
20160725 14:22:30 11 0 11 3 0 1 0 74 23 0 0 789 681 40 577 0 0.93 1.42 1.16 1 0 1274784 516156 758628 63296 10536 202272 52928 87404 167488 20480 541076 5760 1048572 0 1048572 0 0 52 0 0 93896 4095 57 14808 0 0 0 0 28264 284 12 2 14 25 1 0 0 0 0 1 3 0 0 0 0 0 0 0 11 9 19 4095 58 4153 0 0 0 30194 2592 2 21877 0 0 0 0 0 0 0 0 0 0 0 0 0 0 0 0 0 0 0 0 0 545 396 274 179 38 13 5 5 6 4 176
20160725 14:22:40 11 0 9 1 0 0 0 78 20 0 0 730 658 35 571 1 0.79 1.38 1.15 1 0 1274784 510708 764076 63296 8488 202276 52824 86376 165200 20480 529076 5760 1048572 0 1048572 0 0 36 0 0 92872 2048 73 13214 0 0 0 0 28172 282 12 2 12 25 1 0 0 0 0 1 1 0 0 0 0 0 0 0 5 11 16 2048 73 2121 0 0 0 30151 2496 2 21834 0 0 0 0 0 0 0 0 0 0 0 0 0 0 0 0 0 0 0 0 0 605 457 341 181 58 17 8 3 8 4 176
20160725 14:22:50 11 0 11 1 0 1 0 76 22 0 0 840 740 49 572 3 0.67 1.33 1.14 4 0 1274784 515564 759220 63296 8488 202280 52804 86428 170376 20480 534132 5760 1048572 0 1048572 0 0 24 0 0 92880 2049 45 16987 0 0 0 0 28152 281 13 2 13 26 1 0 0 0 0 1 1 0 0 0 0 0 0 0 5 7 12 2049 45 2094 0 0 0 30138 2496 2 21822 0 0 0 0 0 0 0 0 0 0 0 0 0 0 0 0 0 0 0 0 0 205 156 236 174 58 17 10 4 8 4 176
20160725 14:23:00 17 0 13 2 0 1 0 66 31 0 0 1032 938 48 574 0 1.53 1.49 1.19 0 0 1274784 512944 761840 63296 10536 202296 52884 87440 164892 20480 537164 5760 1048572 0 1048572 0 0 48 0 0 93900 4096 60 19189 0 0 0 0 28228 281 12 2 11 25 1 0 0 0 0 1 1 0 0 0 0 0 0 0 11 12 23 4096 60 4156 0 1 1 30188 2528 2 21858 0 0 0 0 0 0 0 0 0 0 0 0 0 0 0 0 0 0 0 0 0 336 473 328 202 80 25 18 8 9 3 174
20160725 14:23:10 11 0 9 1 0 1 0 78 20 0 0 770 716 34 577 2 1.36 1.45 1.18 4 0 1274784 511200 763584 63296 8488 202296 52876 87660 165604 20480 539160 5760 1048572 0 1048572 0 0 40 0 0 92876 2049 55 12635 0 0 0 0 28204 282 12 2 10 25 1 0 0 0 0 1 1 0 0 0 0 0 0 0 5 10 16 2049 55 2104 0 0 0 30207 2496 2 21877 0 0 0 0 0 0 0 0 0 0 0 0 0 0 0 0 0 0 0 0 0 394 488 381 201 78 26 16 10 9 3 174
20160725 14:23:20 9 0 8 3 0 0 0 79 18 0 0 745 752 43 579 0 1.15 1.41 1.17 1 1 1274784 515248 759536 63296 10536 202352 52868 87528 166536 20480 540992 5760 1048572 0 1048572 0 0 44 0 0 93956 4098 39 16011 0 0 0 0 28196 282 13 2 11 26 2 0 0 0 0 1 1 0 0 0 0 0 0 0 11 7 18 4098 39 4137 0 0 0 30192 2496 2 21862 0 0 0 0 0 0 0 0 0 0 0 0 0 0 0 0 0 0 1 0 0 248 407 319 172 63 27 16 10 9 3 174
20160725 14:23:30 8 0 8 1 0 0 0 82 17 0 0 691 680 38 568 0 1.06 1.38 1.16 1 0 1274784 509788 764996 63296 10536 202300 52808 86420 162636 20480 525164 5760 1048572 0 1048572 0 0 24 0 0 93904 2048 51 14207 0 0 0 0 28136 280 12 2 10 25 1 0 0 0 0 1 1 0 0 0 0 0 0 0 5 9 14 2048 51 2099 0 1 1 30140 2368 2 21808 0 0 0 0 0 0 0 0 0 0 0 0 0 0 0 0 0 0 1 0 0 1129 472 334 166 67 29 15 8 9 4 174
20160725 14:23:40 7 0 8 2 0 0 0 82 16 0 0 704 734 40 574 0 0.89 1.33 1.15 0 0 1274784 509344 765440 63296 8488 202300 52812 86432 163732 20480 527300 5760 1048572 0 1048572 0 0 24 0 0 92880 2048 59 14078 0 0 0 0 28160 281 13 2 11 26 1 0 0 0 0 1 1 0 0 0 0 0 0 0 5 11 16 2048 59 2107 0 0 0 30152 2464 2 21821 0 0 0 0 0 0 0 0 0 0 0 0 0 0 0 0 0 0 0 0 0 690 549 355 189 71 29 14 9 9 4 174
20160725 14:23:50 13 0 11 3 0 1 0 73 24 0 0 927 884 52 576 2 0.92 1.32 1.15 1 0 1274784 513644 761140 63296 10536 202316 52820 87416 165936 20480 538740 5760 1048572 0 1048572 0 0 36 0 0 93900 4098 41 19447 0 0 0 0 28176 282 13 2 12 26 1 0 0 0 0 1 1 0 0 0 0 0 0 0 11 8 18 4098 41 4139 0 0 0 30183 2496 2 21839 0 0 0 0 0 0 0 0 0 0 0 0 0 0 0 0 0 0 0 0 0 30 411 319 190 73 31 15 10 10 5 173
20160725 14:24:00 11 0 8 2 0 1 0 79 20 0 0 766 808 36 575 1 0.93 1.31 1.15 1 0 1274784 511600 763184 63296 8488 202316 52916 87480 165772 20480 538400 5760 1048572 0 1048572 0 0 36 0 0 92876 2047 75 14437 0 0 0 0 28244 283 13 2 10 26 1 0 0 0 0 1 1 0 0 0 0 0 0 0 5 13 18 2047 75 2122 0 1 1 30214 2496 2 21869 0 0 0 0 0 0 0 0 0 0 0 0 0 0 0 0 0 0 1 0 0 300 430 363 201 75 29 14 8 9 4 174
20160725 14:24:10 11 2 15 1 0 2 0 69 29 0 0 1019 1037 65 590 0 1.23 1.36 1.17 1 0 1274784 520508 754276 63296 8488 202324 53072 87496 172600 20480 548968 5760 1048572 0 1048572 0 0 48 0 0 92884 2048 856 23328 0 0 0 0 28348 287 14 2 11 27 1 0 0 0 0 1 1 0 0 0 0 0 0 0 5 66 71 2048 856 2904 0 0 0 30296 2784 2 21934 0 0 0 0 0 0 0 0 0 0 0 0 0 0 0 0 0 0 1 0 0 457 370 283 140 46 14 10 8 10 5 173
20160725 14:24:20 10 1 13 5 0 1 0 70 25 0 0 1045 1122 63 576 3 1.04 1.32 1.15 2 0 1274784 523432 751352 63328 10536 202368 52904 86500 175132 20480 543096 5760 1048572 0 1048572 0 0 80 0 0 93904 4098 475 22369 0 0 0 0 28196 287 16 1 10 30 2 0 0 0 0 22 11 3 1 0 0 0 0 0 11 33 44 4098 475 4573 0 0 0 30291 2624 2 21920 0 0 0 0 0 0 0 0 0 0 0 0 0 0 0 0 0 0 1 0 0 6 49 33 174 66 33 13 8 10 5 173
20160725 14:24:30 6 0 8 2 0 0 0 83 15 0 0 757 949 44 582 0 0.95 1.29 1.15 1 0 1274784 516160 758624 63328 8488 202380 53052 86512 168696 20480 537432 5760 1048572 0 1048572 0 0 68 0 0 92888 2048 163 15927 0 0 0 0 28332 288 17 1 10 31 5 0 0 0 0 12 6 2 1 0 0 0 0 0 5 30 35 2048 163 2211 0 1 1 30311 2656 2 21940 0 0 0 0 0 0 0 0 0 0 0 0 0 0 0 0 0 0 1 0 0 74 151 373 187 70 29 13 7 11 5 173
20160725 14:24:40 13 1 12 2 0 1 0 71 26 0 0 972 919 58 570 0 0.96 1.28 1.14 1 0 1274784 510196 764588 63296 10536 202384 52824 86500 162604 20480 525324 5760 1048572 0 1048572 0 0 84 0 0 93908 4097 49 21414 0 0 0 0 28128 282 12 1 13 26 1 0 0 0 0 15 11 4 2 0 0 0 0 0 11 9 19 4097 49 4147 0 0 0 30209 2432 2 21822 0 0 0 0 0 0 0 0 0 0 0 0 0 0 0 0 1 0 2 0 0 983 438 336 185 70 31 15 7 11 5 173
20160725 14:24:50 11 0 9 2 0 1 0 78 21 0 0 843 783 34 570 1 0.81 1.24 1.13 3 0 1274784 508292 766492 63296 8488 202396 52880 86500 162648 20480 525324 5760 1048572 0 1048572 0 0 52 0 0 92884 2048 69 13015 0 0 0 0 28184 282 12 1 11 26 3 0 0 0 0 17 10 5 3 0 0 0 0 0 5 11 16 2048 69 2116 0 0 0 30213 2400 2 21826 0 0 0 0 0 0 0 0 0 0 0 0 0 0 0 0 0 0 0 0 0 933 519 363 197 76 30 16 7 11 5 173
20160725 14:25:00 17 0 13 2 0 1 0 66 32 0 0 1127 1035 48 576 2 0.85 1.23 1.13 3 0 1274784 509460 765324 63296 8488 202420 53008 86620 163644 20480 527512 5760 1048572 0 1048572 0 0 80 0 0 92892 2047 97 18301 0 0 0 0 28312 284 13 1 12 27 2 0 1 0 0 16 10 4 3 0 0 0 0 0 5 16 21 2047 97 2144 0 1 1 30216 2432 2 21830 0 0 0 0 0 0 0 0 0 0 0 0 0 0 0 0 0 0 0 0 0 957 577 343 153 72 28 16 8 11 5 173
20160725 14:25:10 14 0 13 3 0 1 0 69 27 0 0 1030 917 42 570 0 0.72 1.19 1.12 0 0 1274784 510092 764692 63296 10536 202448 52904 86540 162660 20480 525324 5760 1048572 0 1048572 0 0 72 0 0 94928 4509 74 15759 0 0 0 0 28204 282 12 1 15 26 1 0 0 0 0 17 12 4 3 0 0 0 0 0 12 12 24 4509 74 4583 0 0 0 30232 2400 2 21830 0 0 0 0 0 0 0 0 0 0 0 0 0 0 0 0 0 0 1 0 0 869 466 333 169 70 27 16 7 12 5 173
20160725 14:25:20 11 0 10 2 0 1 0 76 22 0 0 903 815 35 570 1 0.68 1.17 1.11 1 0 1274784 508256 766528 63296 8488 202456 52872 86540 162660 20480 525324 5760 1048572 0 1048572 0 0 32 0 0 92884 2048 72 13149 0 0 0 0 28180 282 12 1 15 26 1 0 0 0 0 8 5 2 1 0 0 0 0 0 5 11 16 2048 72 2121 0 0 0 30232 2400 2 21830 0 0 0 0 0 0 0 0 0 0 0 0 0 0 0 0 0 0 0 0 0 980 538 364 169 73 26 15 8 12 5 173
20160725 14:25:30 15 0 14 3 0 1 0 67 30 0 0 1186 1064 60 570 0 0.58 1.13 1.10 1 0 1274784 510376 764408 63296 10536 202480 52836 86560 162660 20480 525324 5760 1048572 0 1048572 0 0 48 0 0 93908 4097 65 22121 0 0 0 0 28144 282 12 1 17 26 1 0 0 0 0 8 6 2 1 0 0 0 0 0 11 11 21 4097 65 4162 0 1 1 30244 2400 2 21826 0 0 0 0 0 0 0 0 0 0 0 0 0 0 0 0 0 0 1 0 0 901 437 339 163 66 27 15 8 12 5 173
20160725 14:25:40 10 0 9 1 0 1 0 79 19 0 0 817 757 34 570 3 0.72 1.14 1.11 2 0 1274784 517268 757516 63296 8488 202492 52864 86956 171908 20480 534864 5760 1048572 0 1048572 0 0 60 0 0 92888 2047 66 12481 0 0 0 0 28172 282 12 1 14 26 1 0 0 0 0 14 8 2 2 0 0 0 0 0 5 9 15 2047 66 2113 0 0 0 30246 2464 2 21827 0 0 0 0 0 0 0 0 0 0 0 0 0 0 0 0 0 0 0 0 0 261 163 176 183 70 27 15 8 12 5 173
20160725 14:25:50 11 0 10 2 0 1 0 77 22 0 0 938 923 47 580 5 0.61 1.11 1.09 5 0 1274784 510064 764720 63296 8488 202508 52904 86724 164136 20480 528568 5760 1048572 0 1048572 0 0 60 0 0 92884 2051 43 17537 0 0 0 0 28160 283 13 1 18 27 1 0 0 0 0 15 10 3 2 0 0 0 0 0 6 7 12 2051 43 2094 0 0 0 30314 2432 2 21882 0 0 0 0 0 0 0 0 0 0 0 0 0 0 0 0 0 0 0 0 0 504 519 358 178 69 27 15 8 12 5 173
20160725 14:26:00 15 0 12 2 0 1 0 70 28 0 0 1004 944 46 571 0 0.51 1.07 1.08 1 0 1274784 510320 764464 63296 10536 202576 52904 86600 162684 20480 525324 5760 1048572 0 1048572 0 0 32 0 0 93920 4102 66 17798 0 0 0 0 28156 282 12 1 13 26 1 0 0 0 0 10 7 2 2 0 0 0 0 0 11 9 20 4102 66 4168 0 0 0 30318 2400 2 21881 0 0 0 0 0 0 0 0 0 0 0 0 0 0 0 0 0 0 0 0 0 1018 519 317 136 67 27 15 8 12 5 173
20160725 14:26:10 9 1 10 2 0 1 0 77 21 0 0 963 1001 50 570 1 0.58 1.07 1.08 1 0 1274784 508188 766596 63296 8488 202596 52884 86668 162748 20480 525428 5760 1048572 0 1048572 0 0 60 0 0 92900 2049 454 18262 0 0 0 0 28140 283 12 0 13 25 2 0 1 0 0 14 9 3 2 0 0 0 0 0 5 26 31 2049 454 2503 0 0 0 30317 2400 2 21874 0 0 0 0 0 0 0 0 0 0 0 0 0 0 0 0 0 0 0 0 0 973 556 391 154 71 27 15 8 12 5 173
20160725 14:26:20 16 0 12 1 0 1 0 70 28 0 0 969 766 48 576 0 0.79 1.10 1.09 0 0 1274784 510156 764628 63296 8488 202628 52928 86640 163760 20480 527460 5760 1048572 0 1048572 0 0 84 0 0 92904 2049 43 18335 0 0 0 0 28184 283 13 0 17 26 3 0 0 0 0 13 9 3 2 0 0 0 0 0 5 7 12 2049 43 2091 0 0 0 30338 2464 2 21882 0 0 0 0 0 0 0 0 0 0 0 0 0 0 0 0 0 0 1 0 0 956 573 319 145 61 28 15 8 12 5 173
20160725 14:26:30 9 0 10 2 0 1 0 77 21 0 0 900 845 45 571 0 0.67 1.06 1.08 1 0 1274784 511444 763340 63296 10536 202640 52916 86632 163524 20480 526560 5760 1048572 0 1048572 0 0 56 0 0 93920 4095 85 15709 0 0 0 0 28160 283 13 0 14 26 1 0 0 0 0 13 8 3 2 0 0 0 0 0 11 11 22 4095 85 4179 0 1 1 30350 2432 2 21891 0 0 0 0 0 0 0 0 0 0 0 0 0 0 0 0 0 0 0 0 0 523 452 340 162 68 28 15 8 12 5 173
20160725 14:26:40 12 0 9 1 0 1 0 78 21 0 0 870 864 42 571 0 0.56 1.03 1.07 1 0 1274784 509920 764864 63296 8488 202660 52936 86652 163456 20480 526560 5760 1048572 0 1048572 0 0 52 0 0 92896 2049 76 16602 0 0 0 0 28168 282 13 0 17 25 1 0 0 0 0 16 10 3 2 0 0 0 0 0 5 11 16 2049 76 2125 0 0 0 30364 2432 2 21890 0 0 0 0 0 0 0 0 0 0 0 0 0 0 0 0 0 0 1 0 0 614 527 360 161 73 28 15 8 12 5 173
20160725 14:26:50 11 0 11 3 0 1 0 75 22 0 0 905 865 47 571 1 0.48 0.99 1.06 1 0 1274784 511928 762856 63296 10536 202668 52948 86660 163536 20480 526560 5760 1048572 0 1048572 0 0 52 0 0 93924 4097 46 17295 0 0 0 0 28180 283 13 0 15 26 2 0 0 0 0 14 9 3 2 0 0 0 0 0 11 7 18 4097 47 4143 0 0 0 30365 2464 2 21891 0 0 0 0 0 0 0 0 0 0 0 0 0 0 0 0 0 0 0 0 0 564 439 344 139 70 28 15 8 12 5 173
20160725 14:27:00 16 0 12 1 0 1 0 71 28 0 0 1052 1045 44 571 0 0.56 0.99 1.05 0 0 1274784 509932 764852 63296 8488 202696 52968 86680 163560 20480 526560 5760 1048572 0 1048572 0 0 76 0 0 92892 2049 98 17822 0 0 0 0 28208 283 13 0 16 26 3 0 0 0 0 15 9 3 2 0 0 0 0 0 5 14 19 2049 98 2147 0 1 1 30379 2432 2 21891 0 0 0 0 0 0 0 0 0 0 0 0 0 0 0 0 0 0 0 0 0 895 568 356 163 50 28 15 8 12 5 173
20160725 14:27:10 9 2 11 2 0 1 0 75 22 0 0 1121 1397 82 583 2 0.62 0.99 1.05 2 0 1274784 515648 759136 63328 8488 202764 53108 86732 167840 20480 536412 5760 1048572 0 1048572 0 0 76 0 0 92912 2048 816 28957 0 0 0 0 28300 286 16 0 15 28 2 0 0 0 0 15 10 3 2 0 0 0 0 0 5 89 94 2048 816 2865 0 0 0 30475 2624 2 21970 0 0 0 0 0 0 0 0 0 0 0 0 0 0 0 0 0 0 1 0 0 192 318 331 184 42 19 13 8 11 6 173
20160725 14:27:20 9 0 9 3 0 1 0 78 19 0 0 903 985 48 578 2 0.53 0.96 1.04 2 0 1274784 518872 755912 63332 10536 202788 53232 86768 168992 20480 539876 5760 1048572 0 1048572 0 0 104 0 0 93940 4097 100 17175 0 0 0 0 28416 289 17 0 15 30 6 0 0 0 0 17 12 4 4 0 0 0 0 0 11 22 33 4097 100 4197 0 0 0 30538 2720 2 22026 0 0 0 0 0 0 0 0 0 0 0 0 0 0 0 0 1 0 1 0 0 37 185 249 161 51 22 13 7 11 6 173
20160725 14:27:30 12 0 11 2 0 1 0 74 25 0 0 917 811 47 571 0 0.45 0.93 1.03 1 0 1274784 508804 765980 63296 8488 202780 53016 86720 162720 20480 525324 5760 1048572 0 1048572 0 0 100 0 0 92912 2048 95 17740 0 0 0 0 28204 281 12 0 14 24 1 0 0 0 0 8 6 2 2 0 0 0 0 0 5 19 24 2048 96 2144 0 1 1 30405 2368 2 21883 0 0 0 0 0 0 0 0 0 0 0 0 0 0 0 0 0 0 1 0 0 1141 539 333 175 65 21 12 8 11 6 173
20160725 14:27:40 15 0 12 2 0 1 0 70 28 0 0 956 779 51 573 0 0.67 0.96 1.04 0 0 1274784 511192 763592 63296 10536 202788 53016 86728 162684 20480 525324 5760 1048572 0 1048572 0 0 40 0 0 93936 4100 53 18450 0 0 0 0 28212 282 13 0 15 25 3 0 0 0 0 12 11 3 4 0 0 0 0 0 11 10 21 4100 53 4153 0 0 0 30405 2432 2 21884 0 0 0 0 0 0 0 0 0 0 0 0 0 0 0 0 0 0 0 0 0 975 402 332 157 61 23 12 8 11 6 173
20160725 14:27:50 15 0 11 2 0 1 0 71 27 0 0 1020 880 42 571 0 0.80 0.98 1.05 0 0 1274784 510764 764020 63296 10536 202812 53032 86744 162744 20480 525324 5760 1048572 0 1048572 0 0 44 0 0 93936 2049 223 16529 0 0 0 0 28236 282 12 0 18 25 1 0 0 0 0 14 12 3 4 0 0 0 0 0 5 13 18 2049 223 2272 0 0 0 30420 2432 2 21884 0 0 0 0 0 0 0 0 0 0 0 0 0 0 0 0 0 0 1 0 0 967 423 338 152 58 25 13 8 11 6 173
20160725 14:28:00 9 0 9 2 0 1 0 80 18 0 0 788 792 41 578 4 0.68 0.95 1.04 2 0 1274784 510660 764124 63296 8488 202828 53020 86756 163840 20480 527884 5760 1048572 0 1048572 0 0 56 0 0 92920 2048 86 14288 0 0 0 0 28224 283 13 0 15 26 3 0 0 0 0 12 7 3 2 0 0 0 0 0 5 17 22 2048 86 2134 0 1 1 30432 2464 2 21897 0 0 0 0 0 0 0 0 0 0 0 0 0 0 0 0 0 0 0 0 0 130 440 364 155 63 25 13 8 11 6 173
20160725 14:28:10 20 1 17 3 0 2 0 57 40 0 0 1384 1281 69 570 2 1.28 1.07 1.07 3 0 1274784 511656 763128 63296 10536 202868 52976 86772 163648 20480 526560 5760 1048572 0 1048572 0 0 100 0 0 93940 4097 456 25999 0 0 0 0 28168 283 13 0 17 26 3 0 0 0 0 15 10 4 3 0 0 0 0 0 11 32 43 4097 456 4553 0 0 0 30443 2464 2 21887 0 0 0 0 0 0 0 0 0 0 0 0 0 0 0 0 0 0 0 0 0 664 491 354 135 69 26 10 8 11 6 173
20160725 14:28:20 11 0 9 2 0 1 0 77 21 0 0 818 743 33 569 1 1.17 1.05 1.07 1 0 1274784 508912 765872 63296 8488 202880 52928 86788 162792 20480 525324 5760 1048572 0 1048572 0 0 60 0 0 92916 2048 68 12327 0 0 0 0 28120 282 12 0 15 25 1 0 0 0 0 8 5 2 2 0 0 0 0 0 5 11 16 2048 68 2116 0 0 0 30433 2400 2 21877 0 0 0 0 0 0 0 0 0 0 0 0 0 0 0 0 0 0 1 0 0 912 578 372 145 72 26 11 8 11 6 173
20160725 14:28:30 11 0 10 1 0 1 0 77 21 0 0 793 712 42 575 1 0.99 1.01 1.06 1 0 1274784 510464 764320 63296 8488 202888 52956 86868 163948 20480 527600 5760 1048572 0 1048572 0 0 64 0 0 92920 2049 63 15440 0 0 0 0 28148 284 13 0 13 26 1 0 1 0 0 7 5 2 1 0 0 0 0 0 5 10 16 2049 63 2113 0 1 1 30436 2432 2 21879 0 0 0 0 0 0 0 0 0 0 0 0 0 0 0 0 0 0 0 0 0 624 554 349 158 68 26 11 8 11 6 173
20160725 14:28:40 12 0 12 2 0 1 0 73 25 0 0 956 863 47 569 1 1.20 1.06 1.07 1 0 1274784 510740 764044 63296 10536 202912 52996 86808 162784 20480 525324 5760 1048572 0 1048572 0 0 56 0 0 93940 4093 48 17348 0 0 0 0 28188 283 12 0 15 26 1 0 0 0 0 12 9 3 2 0 0 0 0 0 11 8 19 4093 48 4141 0 0 0 30454 2400 2 21882 0 0 0 0 0 0 0 0 0 0 0 0 0 0 0 0 0 0 1 0 0 823 444 339 161 66 26 11 8 11 6 173
20160725 14:28:50 11 0 9 2 0 1 0 78 20 0 0 792 706 35 568 0 1.17 1.06 1.07 0 0 1274784 508524 766260 63296 8488 202920 52972 86812 162768 20480 525324 5760 1048572 0 1048572 0 0 36 0 0 92916 2050 65 13157 0 0 0 0 28160 283 12 0 14 26 1 0 0 0 0 6 4 2 1 0 0 0 0 0 5 10 16 2050 65 2115 0 0 0 30450 2368 2 21878 0 0 0 0 0 0 0 0 0 0 0 0 0 0 0 0 0 0 0 0 0 962 552 353 170 72 26 11 8 11 6 173
20160725 14:29:00 14 0 12 1 0 1 0 72 27 0 0 978 854 48 574 0 1.21 1.07 1.07 1 0 1274784 510104 764680 63296 8488 202948 52964 86844 163880 20480 527460 5760 1048572 0 1048572 0 0 52 0 0 92920 2048 60 18471 0 0 0 0 28152 283 13 0 17 26 1 0 0 0 0 7 5 2 1 0 0 0 0 0 5 10 15 2048 60 2108 0 1 1 30463 2432 2 21878 0 0 0 0 0 0 0 0 0 0 0 0 0 0 0 0 0 0 1 0 0 692 519 330 173 71 26 11 8 11 6 173
20160725 14:29:10 14 0 12 3 0 1 0 70 27 0 0 993 947 47 567 0 1.19 1.07 1.07 1 0 1274784 510820 763964 63296 10536 202956 52940 86844 162796 20480 525324 5760 1048572 0 1048572 0 0 16 0 0 93944 4095 47 17890 0 0 0 0 28128 282 12 0 15 25 1 0 0 0 0 7 5 2 1 0 0 0 0 0 11 8 19 4095 47 4142 0 0 0 30455 2400 2 21869 0 0 0 0 0 0 0 0 0 0 0 0 0 0 0 0 0 0 1 0 0 867 422 332 157 74 26 12 7 11 6 173
20160725 14:29:20 12 0 11 2 0 1 0 74 24 0 0 927 846 42 567 1 1.00 1.04 1.06 3 0 1274784 514144 760640 63296 8488 202976 53044 86924 168540 20480 531136 5760 1048572 0 1048572 0 0 52 0 0 92916 2046 65 15874 0 0 0 0 28232 283 12 0 17 25 3 0 1 0 0 9 6 3 2 0 0 0 0 0 5 11 16 2046 65 2111 0 0 0 30467 2464 2 21867 0 0 0 0 0 0 0 0 0 0 0 0 0 0 0 0 0 0 0 0 0 203 171 361 178 71 26 11 8 11 6 173
20160725 14:29:30 10 0 10 2 0 1 0 78 21 0 0 872 820 46 579 5 0.85 1.00 1.05 4 0 1274784 513472 761312 63296 8488 203000 53164 87116 166000 20480 540680 5760 1048572 0 1048572 0 0 32 0 0 92712 2050 66 16531 0 0 0 0 28336 286 14 0 15 29 3 0 0 0 0 24 26 5 34 0 0 0 0 0 5 11 16 2050 66 2116 0 0 0 30524 2496 2 21922 0 0 0 0 0 0 0 0 0 0 0 0 0 0 0 0 0 0 0 0 0 12 475 364 159 66 26 11 8 11 6 173
20160725 14:29:40 13 0 11 2 0 1 0 73 25 0 0 953 816 39 568 0 0.79 0.99 1.04 1 0 1274784 512020 762764 63296 10536 203016 53116 86888 163068 20480 532384 5760 1048572 0 1048572 0 0 52 0 0 93732 4098 37 14108 0 0 0 0 28288 283 12 0 16 26 2 0 0 0 0 10 7 3 2 0 0 0 0 0 11 6 17 4098 37 4135 0 0 0 30477 2432 2 21874 0 0 0 0 0 0 0 0 0 0 0 0 0 0 0 0 0 0 0 0 0 665 465 336 155 61 26 12 7 11 6 173
20160725 14:29:50 15 0 11 2 0 1 0 71 27 0 0 1006 851 42 568 0 0.67 0.95 1.03 1 0 1274784 509728 765056 63296 8488 203048 53232 86904 163072 20480 532384 5760 1048572 0 1048572 0 0 84 0 0 92712 2049 68 16577 0 0 0 0 28396 282 12 0 19 25 2 0 0 0 0 13 9 4 3 0 0 0 0 0 5 11 16 2049 68 2116 0 0 0 30492 2400 2 21874 0 0 0 0 0 0 0 0 0 0 0 0 0 0 0 0 0 0 1 0 0 850 549 375 155 63 27 12 7 11 6 173
20160725 14:30:00 11 0 10 3 0 1 0 75 22 0 0 949 922 51 568 3 0.57 0.92 1.02 3 0 1274784 522588 752196 63296 10536 203064 53252 87568 173732 20480 543292 5760 1048572 0 1048572 0 0 48 0 0 93732 4509 96 18041 0 0 0 0 28416 282 12 0 16 25 3 0 0 0 0 13 9 4 3 0 0 0 0 0 12 14 26 4509 96 4605 0 0 0 30493 2464 2 21875 0 0 0 0 0 0 0 0 0 0 0 0 0 0 0 0 0 0 0 0 0 106 87 48 138 59 27 12 7 11 6 173
20160725 14:30:10 14 4 21 4 0 2 0 56 40 0 0 1556 1845 100 575 0 1.22 1.05 1.06 1 0 1274784 516876 757908 63328 8488 203128 53208 86980 167624 20480 541604 5760 1048572 0 1048572 0 0 100 0 0 92688 2047 1217 36486 0 0 0 0 28336 285 15 0 20 27 3 0 0 0 0 20 14 5 3 0 0 0 0 0 5 98 104 2047 1217 3265 0 0 0 30627 2592 2 21971 0 0 0 0 0 0 0 0 0 0 0 0 0 0 0 0 0 0 1 0 0 371 345 302 129 50 25 12 8 10 6 173
20160725 14:30:20 12 0 11 2 0 1 0 74 24 0 0 1040 1087 44 582 0 1.18 1.05 1.06 1 0 1274784 519824 754960 63328 8488 203148 53440 86988 169592 20480 544976 5760 1048572 0 1048572 0 0 112 0 0 92692 2049 98 16346 0 0 0 0 28568 288 17 0 19 30 4 0 0 0 0 14 10 4 3 0 0 0 0 0 5 23 28 2049 98 2146 0 0 0 30646 2656 2 21991 0 0 0 0 0 0 0 0 0 0 0 0 0 0 0 0 0 0 1 0 0 168 88 345 131 39 24 12 8 10 6 173
20160725 14:30:30 14 1 14 3 0 1 0 67 30 0 0 1145 1038 54 570 1 1.00 1.02 1.05 1 0 1274784 511412 763372 63296 8488 203152 53192 86972 163644 20480 532968 5760 1048572 0 1048572 0 0 92 0 0 92688 4097 101 20550 0 0 0 0 28360 284 12 0 18 26 2 0 1 0 0 15 10 4 3 0 0 0 0 0 11 17 27 4097 101 4198 0 1 1 30564 2432 2 21890 0 0 0 0 0 0 0 0 0 0 0 0 0 0 0 0 1 0 2 0 0 891 565 373 151 48 31 15 7 11 5 173
20160725 14:30:40 10 0 9 1 0 1 0 80 19 0 0 833 744 35 571 0 0.85 0.98 1.04 1 0 1274784 512500 762284 63296 8488 203168 53288 86980 164480 20480 534100 5760 1048572 0 1048572 0 0 68 0 0 92688 2047 35 13242 0 0 0 0 28448 283 13 0 16 26 2 0 0 0 0 13 9 4 3 0 0 0 0 0 5 7 12 2047 35 2083 0 0 0 30576 2432 2 21902 0 0 0 0 0 0 0 0 0 0 0 0 0 0 0 0 0 0 0 0 0 659 584 366 126 54 30 12 7 10 6 173
20160725 14:30:50 9 0 9 4 0 1 0 78 19 0 0 869 909 48 578 5 0.72 0.95 1.03 4 0 1274784 519420 755364 63296 10536 203184 53232 87244 169028 20480 548800 5760 1048572 0 1048572 0 0 76 0 0 93712 4508 62 16524 0 0 0 0 28392 283 13 0 18 26 5 0 0 0 0 13 9 4 3 0 0 0 0 0 12 12 24 4508 62 4570 0 0 0 30570 2464 2 21897 0 0 0 0 0 0 0 0 0 0 0 0 0 0 0 0 0 0 0 0 0 30 275 306 113 53 27 12 7 10 6 173
20160725 14:31:00 13 0 10 2 0 1 0 74 24 0 0 984 904 44 569 1 1.09 1.02 1.05 1 0 1274784 512008 762776 63296 8488 203212 53220 87004 163640 20480 532864 5760 1048572 0 1048572 0 0 80 0 0 92688 2049 84 16788 0 0 0 0 28384 282 12 0 15 25 3 0 0 0 0 12 8 4 3 0 0 0 0 0 5 15 20 2049 84 2133 0 1 1 30572 2432 2 21884 0 0 0 0 0 0 0 0 0 0 0 0 0 0 0 0 0 0 1 0 0 818 584 379 138 47 26 13 7 10 6 173
20160725 14:31:10 14 0 11 2 0 1 0 72 26 0 0 1011 995 42 575 0 1.07 1.02 1.05 0 0 1274784 513312 761472 63296 8488 203224 53252 87052 164688 20480 535000 5760 1048572 0 1048572 0 0 28 0 0 92692 2049 63 16244 0 0 0 0 28416 283 13 0 16 26 6 0 0 0 0 18 13 5 3 0 0 0 0 0 5 11 16 2049 63 2112 0 0 0 30576 2432 2 21888 0 0 0 0 0 0 0 0 0 0 0 0 0 0 0 0 0 0 0 0 0 463 589 395 137 43 27 13 7 10 6 173
20160725 14:31:20 13 0 13 3 0 1 0 70 27 0 0 1087 1028 54 569 1 1.21 1.05 1.06 0 0 1274784 511992 762792 63296 8488 203260 53228 87032 163692 20480 532864 5760 1048572 0 1048572 0 0 68 0 0 92692 4096 66 20316 0 0 0 0 28388 282 12 0 18 25 3 0 0 0 0 13 9 4 3 0 0 0 0 0 11 14 25 4096 66 4163 0 0 0 30582 2400 2 21879 0 0 0 0 0 0 0 0 0 0 0 0 0 0 0 0 0 0 0 0 0 875 563 409 132 41 27 13 7 10 6 173
20160725 14:31:30 10 0 9 2 0 1 0 79 20 0 0 859 783 35 569 0 1.02 1.02 1.05 1 0 1274784 511720 763064 63296 8488 203280 53216 87036 163684 20480 532864 5760 1048572 0 1048572 0 0 80 0 0 92692 2048 55 13058 0 0 0 0 28376 282 12 0 14 25 2 0 0 0 0 16 10 4 3 0 0 0 0 0 5 11 16 2048 55 2103 0 1 1 30588 2400 2 21883 0 0 0 0 0 0 0 0 0 0 0 0 0 0 0 0 0 0 0 0 0 846 580 406 126 47 27 13 7 10 6 173
20160725 14:31:40 12 0 12 2 0 1 0 73 25 0 0 946 810 48 575 0 0.87 0.98 1.04 1 0 1274784 513676 761108 63296 8488 203308 53276 87108 164908 20480 535108 5760 1048572 0 1048572 0 0 44 0 0 92692 2048 44 17556 0 0 0 0 28432 284 13 0 18 26 1 0 1 0 0 13 9 3 2 0 0 0 0 0 5 8 14 2048 44 2092 0 0 0 30607 2464 2 21889 0 0 0 0 0 0 0 0 0 0 0 0 0 0 0 0 0 0 0 0 0 611 392 397 151 46 27 13 7 10 6 173
20160725 14:31:50 13 0 13 3 0 1 0 70 27 0 0 1004 866 45 570 0 1.05 1.02 1.05 1 0 1274784 513132 761652 63296 8488 203320 53316 87060 164540 20480 534100 5760 1048572 0 1048572 0 0 36 0 0 92688 4095 66 16520 0 0 0 0 28472 283 13 0 17 26 1 0 0 0 0 8 5 2 2 0 0 0 0 0 11 14 25 4095 66 4161 0 0 0 30616 2464 2 21897 0 0 0 0 0 0 0 0 0 0 0 0 0 0 0 0 0 0 0 0 0 599 569 407 145 42 22 13 7 10 6 173
20160725 14:32:00 13 0 9 2 0 1 0 76 23 0 0 861 747 33 569 1 0.89 0.98 1.04 1 0 1274784 512260 762524 63296 8488 203328 53304 87060 163680 20480 532864 5760 1048572 0 1048572 0 0 44 0 0 92688 2049 53 12195 0 0 0 0 28460 282 12 0 13 25 1 0 0 0 0 6 4 2 1 0 0 0 0 0 5 10 16 2049 53 2103 0 1 1 30602 2400 2 21883 0 0 0 0 0 0 0 0 0 0 0 0 0 0 0 0 0 0 0 0 0 737 581 407 128 48 23 12 8 10 6 173
20160725 14:32:10 16 1 15 2 0 1 0 64 34 0 0 1279 1306 66 576 3 0.83 0.97 1.03 4 0 1274784 514532 760252 63296 8488 203360 53296 87064 165720 20480 537240 5760 1048572 0 1048572 0 0 84 0 0 92696 2048 443 24931 0 0 0 0 28428 284 13 0 16 26 1 0 0 0 0 7 5 2 1 0 0 0 0 0 5 29 34 2048 442 2490 0 0 0 30622 2464 2 21884 0 0 0 0 0 0 0 0 0 0 0 0 0 0 0 0 0 0 1 0 0 490 548 412 111 45 22 11 8 10 6 173
20160725 14:32:20 10 0 10 3 0 1 0 76 21 0 0 818 764 40 567 0 0.71 0.94 1.02 1 0 1274784 514168 760616 63296 10536 203368 53228 87088 163712 20480 532864 5760 1048572 0 1048572 0 0 60 0 0 93716 4098 43 14126 0 0 0 0 28376 281 12 0 14 24 1 0 0 0 0 9 6 2 1 0 0 0 0 0 11 7 18 4098 43 4141 0 0 0 30617 2400 2 21878 0 0 0 0 0 0 0 0 0 0 0 0 0 0 0 0 0 0 0 0 0 734 524 359 129 43 22 11 8 10 6 173
20160725 14:32:30 13 0 11 2 0 1 0 73 25 0 0 999 921 43 567 1 0.68 0.92 1.01 1 0 1274784 511820 762964 63296 8488 203392 53264 87108 163712 20480 532864 5760 1048572 0 1048572 0 0 76 0 0 92696 2049 88 16573 0 0 0 0 28408 282 12 0 15 25 2 0 0 0 0 17 12 3 2 0 0 0 0 0 5 14 20 2049 88 2136 0 1 1 30630 2400 2 21875 0 0 0 0 0 0 0 0 0 0 0 0 0 0 0 0 0 0 1 0 0 839 605 423 135 44 24 12 7 10 6 173
20160725 14:32:40 13 0 12 1 0 1 0 73 26 0 0 917 776 45 573 5 0.79 0.94 1.02 3 0 1274784 513284 761500 63296 8488 203400 53312 87244 165008 20480 535460 5760 1048572 0 1048572 0 0 12 0 0 92700 2048 75 16603 0 0 0 0 28456 283 13 0 14 26 1 0 0 0 0 17 11 3 2 0 0 0 0 0 5 13 18 2048 75 2122 0 0 0 30643 2432 2 21889 0 0 0 0 0 0 0 0 0 0 0 0 0 0 0 0 0 0 0 0 0 900 577 394 117 37 23 11 8 10 6 173
20160725 14:32:50 13 0 11 3 0 1 0 71 26 0 0 993 934 46 573 3 0.75 0.93 1.01 2 1 1274784 524776 750008 63296 10536 203424 53312 88208 174288 20480 553412 5760 1048572 0 1048572 0 0 8 0 0 94740 4916 73 17181 0 0 0 0 28452 283 12 0 16 25 1 0 0 0 0 8 6 2 2 0 0 0 0 0 13 12 25 4916 73 4988 0 0 0 30658 2528 2 21891 0 0 0 0 0 0 0 0 0 0 0 0 0 0 0 0 0 0 0 0 0 48 48 147 118 40 23 11 8 10 6 173
20160725 14:33:00 10 0 9 2 0 1 0 78 20 0 0 813 737 37 568 1 0.64 0.90 1.00 1 0 1274784 513468 761316 63296 8488 203436 53300 87136 164584 20480 534100 5760 1048572 0 1048572 0 0 20 0 0 92696 2049 87 13480 0 0 0 0 28440 283 13 0 13 26 1 0 0 0 0 11 8 3 3 0 0 0 0 0 5 14 20 2049 87 2136 0 1 1 30658 2464 2 21889 0 0 0 0 0 0 0 0 0 0 0 0 0 0 0 0 0 0 0 0 0 457 608 419 128 40 26 11 8 10 6 173
20160725 14:33:10 18 3 21 3 0 2 0 53 43 0 0 1647 1769 91 576 0 0.62 0.88 1.00 1 0 1274784 520948 753836 63328 10536 203488 53364 87180 167796 20480 541588 5760 1048572 0 1048572 0 0 84 0 0 93720 4094 984 32585 0 0 0 0 28464 287 16 0 14 29 2 0 0 0 0 9 7 2 2 0 0 0 0 0 11 76 87 4094 984 5078 0 0 0 30761 2624 2 21975 0 0 0 0 0 0 0 0 0 0 0 0 0 0 0 0 0 0 0 0 0 274 299 308 132 40 19 12 8 10 5 173
20160725 14:33:20 15 0 13 2 0 1 0 69 29 0 0 1170 1151 46 574 0 0.76 0.90 1.00 1 0 1274784 526068 748716 71296 8488 211488 53488 83196 167840 20480 549540 5760 1048572 0 1048572 0 0 104 0 0 92704 2459 115 18247 0 0 0 0 28580 286 15 0 15 28 2 0 0 0 0 10 8 2 2 0 0 0 0 0 6 21 27 2459 115 2574 0 0 0 30769 2560 2 21968 0 0 0 0 0 0 0 0 0 0 0 0 0 0 0 0 1 0 2 0 0 337 293 152 76 43 23 15 9 7 5 173
20160725 14:33:30 11 1 10 2 0 1 0 76 22 0 0 902 863 46 575 0 0.64 0.87 0.99 1 0 1274784 522932 751852 71264 8488 211464 53320 83180 164900 20480 542968 5760 1048572 0 1048572 0 0 64 0 0 92704 2048 105 16943 0 0 0 0 28428 283 13 0 13 26 1 0 0 0 0 10 7 2 2 0 0 0 0 0 5 14 20 2048 105 2153 0 1 1 30696 2432 2 21892 0 0 0 0 0 0 0 0 0 0 0 0 0 0 0 0 0 0 1 0 0 523 476 192 79 42 19 12 10 8 5 173
20160725 14:33:40 14 0 13 3 0 1 0 69 28 0 0 1022 901 53 568 3 0.94 0.93 1.01 1 0 1274784 523988 750796 71264 10536 211488 53240 83196 165348 20480 535572 5760 1048572 0 1048572 0 0 48 0 0 93724 4097 52 19204 0 0 0 0 28348 283 12 0 17 26 1 0 0 0 0 11 9 3 3 0 0 0 0 0 11 8 19 4097 52 4149 0 0 0 30699 2432 2 21881 0 0 0 0 0 0 0 0 0 0 0 0 0 0 0 0 0 0 0 0 0 559 361 159 88 43 16 8 9 10 5 173
20160725 14:33:50 11 0 9 1 0 1 0 78 21 0 0 782 693 35 569 1 0.80 0.90 1.00 1 0 1274784 521084 753700 71264 8488 211496 53156 83324 163896 20480 534528 5760 1048572 0 1048572 0 0 56 0 0 92700 2048 69 13016 0 0 0 0 28268 283 13 0 16 26 1 0 0 0 0 6 4 2 1 0 0 0 0 0 5 10 16 2048 69 2116 0 0 0 30715 2432 2 21897 0 0 0 0 0 0 0 0 0 0 0 0 0 0 0 0 0 0 0 0 0 782 524 189 90 47 18 6 9 10 5 173
20160725 14:34:00 12 0 10 1 0 1 0 76 22 0 0 860 743 37 576 2 0.90 0.92 1.00 1 0 1274784 525004 749780 71268 8488 211508 53312 83284 167052 20480 542064 5760 1048572 0 1048572 0 0 56 0 0 92704 2048 65 14318 0 0 0 0 28424 287 16 0 16 29 3 0 0 0 0 8 5 2 1 0 0 0 0 0 5 10 15 2048 65 2113 0 1 1 30770 2560 2 21947 0 0 0 0 0 0 0 0 0 0 0 0 0 0 0 0 0 0 0 0 0 43 473 193 89 49 20 4 8 10 5 173
20160725 14:34:10 23 1 21 3 0 2 0 50 47 0 0 1468 1351 68 572 3 0.91 0.92 1.00 3 0 1274784 524132 750652 71264 10536 211540 53360 83472 164880 20480 536244 5760 1048572 0 1048572 0 0 48 0 0 93732 4097 476 25234 0 0 0 0 28472 283 13 0 16 26 3 0 0 0 0 9 7 2 2 0 0 0 0 0 11 34 45 4097 476 4573 0 0 0 30742 2464 2 21904 0 0 0 0 0 0 0 0 0 0 0 0 0 0 0 0 0 0 1 0 0 932 493 203 69 51 8 6 7 9 5 173
20160725 14:34:20 8 0 7 2 0 0 0 83 15 0 0 643 634 34 567 0 0.85 0.91 1.00 1 0 1274784 519728 755056 71264 8488 211552 53180 83248 163076 20480 533292 5760 1048572 0 1048572 0 0 60 0 0 92708 2047 55 11712 0 0 0 0 28292 282 12 0 16 25 1 0 0 0 0 8 5 2 1 0 0 0 0 0 5 10 15 2047 55 2103 0 0 0 30717 2432 2 21879 0 0 0 0 0 0 0 0 0 0 0 0 0 0 0 0 0 0 0 0 0 1138 563 209 94 59 17 6 8 9 5 173
20160725 14:34:30 14 0 11 1 0 1 0 73 26 0 0 962 835 42 567 0 0.80 0.89 0.99 0 0 1274784 519920 754864 71264 8488 211580 53228 83284 163072 20480 533292 5760 1048572 0 1048572 0 0 80 0 0 92708 2050 58 16556 0 0 0 0 28332 282 12 0 12 25 1 0 0 0 0 8 6 2 1 0 0 0 0 0 5 10 15 2050 58 2108 0 1 1 30729 2400 2 21875 0 0 0 0 0 0 0 0 0 0 0 0 0 0 0 0 0 0 1 0 0 1046 569 219 113 45 15 4 8 10 5 173
20160725 14:34:40 12 0 12 3 0 1 0 72 25 0 0 952 874 50 570 2 0.75 0.88 0.99 1 0 1274784 522772 752012 71264 10536 211588 53196 83248 163956 20480 534748 5760 1048572 0 1048572 0 0 28 0 0 93732 4097 44 18340 0 0 0 0 28300 282 12 0 13 25 3 0 0 0 0 9 6 2 1 0 0 0 0 0 11 8 19 4097 44 4141 0 0 0 30737 2400 2 21883 0 0 0 0 0 0 0 0 0 0 0 0 0 0 0 0 0 0 0 0 0 582 416 208 101 58 14 6 6 10 5 173
20160725 14:34:50 15 0 12 3 0 1 0 68 29 0 0 1070 942 44 568 3 0.71 0.87 0.98 1 0 1274784 524072 750712 71264 8488 213888 53172 84464 164868 20480 535500 5760 1048572 0 1048572 0 0 48 0 0 95052 2294 58 16884 0 0 0 0 28260 281 12 0 16 24 1 0 0 0 0 17 12 3 2 0 0 0 0 0 9 11 20 2294 57 2352 0 0 0 30779 2432 2 21893 0 0 0 0 0 0 0 0 0 0 0 0 0 0 0 0 0 0 0 0 0 694 567 226 104 36 17 6 5 9 5 173
20160725 14:35:00 10 0 9 2 0 1 0 78 20 0 0 828 767 40 574 1 0.60 0.84 0.97 3 0 1274784 527196 747588 71264 8488 214292 53276 84728 167044 20480 538884 5760 1048572 0 1048572 0 0 60 0 0 95092 2090 77 14122 0 0 0 0 28304 283 14 1 13 27 2 0 0 0 0 13 9 3 2 0 0 0 0 0 10 12 22 2090 77 2168 0 1 1 30878 2464 2 21947 0 0 0 0 0 0 0 0 0 0 0 0 0 0 0 0 0 0 0 0 0 272 516 222 116 47 18 7 6 5 5 173
20160725 14:35:10 14 0 11 3 0 1 0 71 27 0 0 1058 1055 48 567 0 0.66 0.84 0.97 1 0 1274784 524804 749980 71264 10536 214300 53216 83388 163196 20480 533396 5760 1048572 0 1048572 0 0 68 0 0 94736 4097 40 18243 0 0 0 0 28240 284 12 0 14 26 1 0 1 0 0 19 13 3 2 0 0 0 0 0 11 8 19 4097 40 4137 0 0 0 30866 2400 2 21933 0 0 0 0 0 0 0 0 0 0 0 0 0 0 0 0 0 0 0 0 0 945 447 198 100 44 10 8 8 7 5 173
20160725 14:35:20 12 0 10 2 0 1 0 75 23 0 0 934 910 42 568 0 0.56 0.82 0.96 0 0 1274784 524380 750404 71264 8488 214320 53300 83344 163984 20480 534528 5760 1048572 0 1048572 0 0 48 0 0 93708 2048 65 16348 0 0 0 0 28308 284 13 0 16 27 1 0 0 0 0 7 4 2 1 0 0 0 0 0 5 14 19 2048 65 2114 0 0 0 30893 2432 2 21946 0 0 0 0 0 0 0 0 0 0 0 0 0 0 0 0 0 0 0 0 0 641 568 250 111 46 5 8 8 7 5 173
20160725 14:35:30 12 0 10 2 0 1 0 75 22 0 0 820 692 41 574 1 0.62 0.82 0.96 1 0 1274784 526092 748692 71264 8488 214328 53324 83356 165072 20480 536664 5760 1048572 0 1048572 0 0 60 0 0 93712 2048 57 15121 0 0 0 0 28332 285 14 0 15 28 1 0 0 0 0 6 4 2 1 0 0 0 0 0 5 11 16 2048 57 2105 0 0 0 30918 2496 2 21970 0 0 0 0 0 0 0 0 0 0 0 0 0 0 0 0 0 0 0 0 0 759 535 266 107 42 11 6 6 6 5 173
20160725 14:35:40 10 0 10 3 0 1 0 77 20 0 0 857 843 46 567 0 0.53 0.79 0.95 1 0 1274784 525512 749272 71264 10536 214356 53276 83372 163136 20480 533292 5760 1048572 0 1048572 0 0 60 0 0 94736 4097 44 16849 0 0 0 0 28276 283 12 0 14 26 1 0 0 0 0 7 4 2 1 0 0 0 0 0 11 9 20 4097 45 4141 0 0 0 30891 2400 2 21928 0 0 0 0 0 0 0 0 0 0 0 0 0 0 0 0 0 0 0 0 0 894 502 193 91 45 15 7 8 6 5 173
20160725 14:35:50 11 0 9 2 0 0 0 77 21 0 0 777 677 35 567 1 0.45 0.77 0.94 1 0 1274784 523028 751756 71264 8488 214364 53316 83372 163128 20480 533292 5760 1048572 0 1048572 0 0 16 0 0 93708 2048 64 13148 0 0 0 0 28316 283 12 0 12 26 1 0 0 0 0 6 4 2 1 0 0 0 0 0 5 14 19 2048 64 2113 0 0 0 30895 2400 2 21932 0 0 0 0 0 0 0 0 0 0 0 0 0 0 0 0 0 0 0 0 0 1042 585 223 107 49 13 4 6 8 5 173
20160725 14:36:00 13 0 13 3 0 1 0 70 27 0 0 1043 969 59 568 0 0.61 0.79 0.95 0 0 1274784 525404 749380 71264 10536 214384 53260 83396 163136 20480 533292 5760 1048572 0 1048572 0 0 52 0 0 94732 4097 84 21958 0 0 0 0 28244 283 12 0 15 26 1 0 0 0 0 7 5 2 1 0 0 0 0 0 11 17 28 4097 84 4181 0 0 0 30905 2432 2 21928 0 0 0 0 0 0 0 0 0 0 0 0 0 0 0 0 0 0 0 0 0 843 413 227 113 60 16 4 7 6 5 173
20160725 14:36:10 19 4 25 3 0 2 0 47 50 0 0 1518 1518 91 575 0 0.91 0.85 0.96 1 0 1274784 530304 744480 71296 10536 214444 53344 83448 167172 20480 542016 5760 1048572 0 1048572 0 0 96 0 0 94740 2048 948 32865 0 0 0 0 28284 286 15 0 13 28 2 0 0 0 0 10 7 2 2 0 0 0 0 0 5 93 99 2048 948 2996 0 0 0 31029 2592 2 22028 0 0 0 0 0 0 0 0 0 0 0 0 0 0 0 0 0 0 1 0 0 630 367 153 138 66 27 14 6 5 4 172
20160725 14:36:20 12 0 12 2 0 1 0 73 25 0 0 932 930 39 578 4 0.77 0.82 0.95 5 0 1274784 531560 743224 71296 8488 214452 53596 83484 169404 20480 547700 5760 1048572 0 1048572 0 0 28 0 0 93720 2046 285 14355 0 0 0 0 28536 290 17 0 14 30 5 0 0 0 0 9 7 2 2 0 0 0 0 0 5 28 33 2046 285 2331 0 0 0 31059 2656 2 22058 0 0 0 0 0 0 0 0 0 0 0 0 0 0 0 0 1 0 1 0 0 25 242 206 143 68 19 8 7 6 5 172
20160725 14:36:30 17 1 15 2 0 1 0 65 33 0 0 1054 860 53 577 0 0.81 0.83 0.95 1 0 1274784 526344 748440 71264 8488 214452 53440 83552 165060 20480 536664 5760 1048572 0 1048572 0 0 72 0 0 93724 2051 102 19766 0 0 0 0 28396 283 14 0 19 26 1 0 0 0 0 10 8 2 2 0 0 0 0 0 5 18 23 2051 102 2153 0 1 1 31005 2464 2 21989 0 0 0 0 0 0 0 0 0 0 0 0 0 0 0 0 0 0 1 0 0 444 591 263 134 64 27 6 7 6 5 172
20160725 14:36:40 12 0 11 3 0 1 0 73 24 0 0 956 853 43 571 1 0.68 0.80 0.94 1 0 1274784 525684 749100 71264 10536 214460 53380 83460 163156 20480 533292 5760 1048572 0 1048572 0 0 80 0 0 94744 4097 41 15680 0 0 0 0 28336 283 12 0 16 26 1 0 0 0 0 16 10 3 2 0 0 0 0 0 11 8 18 4097 41 4138 0 0 0 30966 2400 2 21949 0 0 0 0 0 0 0 0 0 0 0 0 0 0 0 0 0 0 0 0 0 839 478 236 119 54 32 7 8 6 5 172
20160725 14:36:50 15 0 12 2 0 1 0 71 27 0 0 955 832 39 575 3 0.58 0.77 0.93 2 0 1274784 535732 739052 71264 8488 214484 53308 84312 175020 20480 546372 5760 1048572 0 1048572 0 0 92 0 0 93724 2048 74 15599 0 0 0 0 28260 283 12 0 18 26 2 0 0 0 0 16 10 3 2 0 0 0 0 0 5 14 19 2048 74 2123 0 0 0 30986 2496 2 21955 0 0 0 0 0 0 0 0 0 0 0 0 0 0 0 0 0 0 1 0 0 266 192 101 49 18 8 10 9 5 4 173
20160725 14:37:00 9 0 10 2 0 0 0 79 19 0 0 793 768 46 576 2 0.57 0.77 0.93 2 1 1274784 528044 746740 71264 11048 214428 53304 83640 164748 20480 537120 5760 1048572 0 1048572 0 0 28 0 0 95184 3219 59 16270 0 0 0 0 28256 284 13 0 16 27 7 0 0 0 0 9 5 2 1 0 0 0 0 0 7 11 18 2810 59 2869 0 0 0 30996 2400 2 21965 0 0 0 0 0 0 0 0 0 0 0 0 0 0 0 0 0 0 0 0 0 470 419 145 74 46 18 9 9 6 4 173
20160725 14:37:10 17 0 13 2 0 1 0 67 31 0 0 1097 1081 47 571 0 0.56 0.76 0.93 0 0 1274784 525764 749020 71264 10796 214520 53312 83572 163128 20480 533292 5760 1048572 0 1048572 0 0 64 0 0 95008 3078 240 18914 0 0 0 0 28256 283 12 0 16 26 1 0 0 0 0 7 5 2 1 0 0 0 0 0 9 25 35 3488 240 3728 0 0 0 30998 2432 2 21953 0 0 0 0 0 0 0 0 0 0 0 0 0 0 0 0 0 0 0 0 0 862 427 200 129 39 18 10 9 6 4 173
20160725 14:37:20 13 0 10 2 0 1 0 74 24 0 0 842 707 35 571 0 0.47 0.73 0.92 0 0 1274784 523316 751468 71264 8488 214528 53336 83536 163196 20480 533292 5760 1048572 0 1048572 0 0 72 0 0 93724 2048 67 13156 0 0 0 0 28288 282 12 0 15 25 1 0 0 0 0 7 4 2 1 0 0 0 0 0 5 13 18 2048 67 2115 0 0 0 30997 2400 2 21952 0 0 0 0 0 0 0 0 0 0 0 0 0 0 0 0 0 0 0 0 0 1063 638 254 120 36 14 10 9 6 4 173
20160725 14:37:30 12 0 12 2 0 1 0 73 25 0 0 928 845 48 577 6 0.40 0.71 0.91 5 1 1274784 536280 738504 71264 10536 214536 53380 83640 173064 20480 546892 5760 1048572 0 1048572 0 0 44 0 0 94748 4506 99 17065 0 0 0 0 28328 283 13 0 14 26 2 0 0 0 0 7 5 2 1 0 0 0 0 0 11 17 29 4506 99 4604 0 0 0 31032 2528 2 21984 0 0 0 0 0 0 0 0 0 0 0 0 0 0 0 0 0 0 0 0 0 122 66 55 71 41 13 10 9 6 4 173
20160725 14:37:40 13 0 11 2 0 1 0 73 25 0 0 903 813 44 572 0 0.80 0.78 0.93 1 0 1274784 525784 749000 71264 10536 214560 53336 83556 163192 20480 533292 5760 1048572 0 1048572 0 0 48 0 0 94744 2458 72 16220 0 0 0 0 28284 282 12 0 13 25 1 0 0 0 0 6 5 2 1 0 0 0 0 0 6 14 20 2458 72 2530 0 0 0 31017 2400 2 21956 0 0 0 0 0 0 0 0 0 0 0 0 0 0 0 0 0 0 1 0 0 634 526 243 104 43 15 11 9 6 4 173
20160725 14:37:50 9 0 9 2 0 1 0 80 18 0 0 806 794 35 573 3 0.68 0.76 0.92 1 0 1274784 523464 751320 71264 8488 214572 53300 83560 163444 20480 533724 5760 1048572 0 1048572 0 0 48 0 0 93720 2049 69 13094 0 0 0 0 28248 281 12 0 14 24 1 0 0 0 0 9 6 2 1 0 0 0 0 0 5 13 18 2049 69 2117 0 0 0 31018 2400 2 21957 0 0 0 0 0 0 0 0 0 0 0 0 0 0 0 0 0 0 0 0 0 876 603 239 127 44 17 10 9 6 4 173
20160725 14:38:00 15 0 14 3 0 1 0 67 31 0 0 1184 1117 59 572 1 0.72 0.77 0.92 1 0 1274784 525812 748972 71264 10536 214596 53288 83592 163192 20480 533292 5760 1048572 0 1048572 0 0 76 0 0 94744 4096 91 22033 0 0 0 0 28236 282 12 0 17 25 1 0 0 0 0 11 8 3 2 0 0 0 0 0 11 22 33 4096 91 4187 0 1 1 31027 2400 2 21952 0 0 0 0 0 0 0 0 0 0 0 0 0 0 0 0 0 0 0 0 0 683 448 224 120 52 14 10 9 6 4 173
20160725 14:38:10 12 1 12 2 0 1 0 72 25 0 0 1101 1098 50 570 3 1.13 0.85 0.95 2 0 1274784 529476 745308 71264 8488 214608 53368 83608 168956 20480 539380 5760 1048572 0 1048572 0 0 60 0 0 93724 2049 439 18345 0 0 0 0 28316 282 12 0 15 25 1 0 0 0 0 12 9 3 2 0 0 0 0 0 5 30 35 2049 439 2487 0 0 0 31029 2464 2 21948 0 0 0 0 0 0 0 0 0 0 0 0 0 0 0 0 0 0 0 0 0 206 266 231 127 46 13 9 10 6 4 173
20160725 14:38:20 16 0 13 2 0 1 0 68 30 0 0 1086 1014 49 575 0 1.11 0.86 0.95 3 0 1274784 525700 749084 71264 8488 214636 53372 83684 164372 20480 535536 5760 1048572 0 1048572 0 0 72 0 0 93732 2048 37 18798 0 0 0 0 28320 284 13 0 16 26 1 0 1 0 0 11 8 2 2 0 0 0 0 0 5 8 13 2048 37 2086 0 0 0 31043 2432 2 21949 0 0 0 0 0 0 0 0 0 0 0 0 0 0 0 0 0 0 0 0 0 596 467 261 115 51 13 8 10 6 4 173
20160725 14:38:30 14 0 13 4 0 1 0 68 28 0 0 1044 865 45 569 0 1.26 0.90 0.96 1 0 1274784 533864 740920 71264 10536 222004 53740 83636 163224 20480 533292 5760 1048572 0 1048572 0 0 116 0 0 102072 4839 89 16752 1 0 0 0 28308 282 12 0 16 25 2 0 0 0 0 16 9 3 2 0 0 0 0 0 23 14 37 4839 89 4929 0 1 1 31349 2400 2 22222 0 0 0 0 0 0 0 0 0 0 0 0 0 0 0 0 0 0 0 0 0 532 399 257 97 33 14 12 5 4 5 172
20160725 14:38:40 14 0 10 3 0 1 0 71 25 0 0 1006 900 30 570 0 1.52 0.97 0.98 1 0 1274784 540488 734296 71264 8488 228692 54136 83616 163960 20480 534528 5760 1048572 0 1048572 0 0 652 0 0 105036 2726 241 12123 2 0 0 0 28416 283 13 0 13 26 1 0 0 0 0 15 10 3 2 0 0 0 0 0 24 17 41 2726 241 2967 0 0 0 31618 2464 2 22457 0 0 0 0 0 0 0 0 0 0 0 0 0 0 0 0 0 0 0 0 0 82 290 180 86 36 11 12 9 6 4 171
20160725 14:38:50 16 0 12 2 0 1 0 69 29 0 0 1070 964 47 575 0 1.67 1.02 1.00 0 0 1274784 540936 733848 71264 8488 228712 54192 83708 164308 20480 535428 5760 1048572 0 1048572 0 0 668 0 0 105032 2048 250 17787 0 0 0 0 28432 282 13 0 16 25 4 0 0 0 0 13 11 3 4 0 0 0 0 0 5 17 22 2048 250 2298 0 0 0 31621 2432 2 22447 0 0 0 0 0 0 0 0 0 0 0 0 0 0 0 0 0 0 0 0 0 240 260 177 99 45 21 14 8 3 4 171
20160725 14:39:00 10 0 10 3 0 1 0 77 21 0 0 909 843 45 569 0 1.57 1.02 1.00 1 0 1274784 541636 733148 71264 10536 228744 54188 83664 163232 20480 533292 5760 1048572 0 1048572 0 0 692 0 0 106116 4096 103 15539 0 0 0 0 28396 281 12 0 14 24 2 0 0 0 0 19 14 4 4 0 0 0 0 0 11 17 28 4096 103 4199 0 1 1 31623 2432 2 22448 0 0 0 0 0 0 0 0 0 0 0 0 0 0 0 0 0 0 0 0 0 305 141 143 100 47 19 16 8 3 4 171
20160725 14:39:10 18 3 21 4 0 2 0 52 45 0 0 1579 1553 84 577 0 2.17 1.16 1.05 0 0 1274784 545636 729148 71296 8488 228864 54476 83984 167528 20480 543632 5760 1048572 0 1048572 0 0 228 0 0 104904 2053 864 30875 0 0 0 0 28604 287 15 0 15 29 3 0 0 0 0 28 19 4 4 0 0 0 0 0 6 87 93 2051 864 2915 0 0 0 31765 2592 2 22551 0 0 0 0 0 0 0 0 0 0 0 0 0 0 0 0 0 0 1 0 0 373 373 193 115 43 27 14 9 5 5 168
20160725 14:39:20 16 1 13 3 0 1 0 67 30 0 0 1120 1149 48 579 3 1.91 1.14 1.04 2 0 1274784 550672 724112 71296 8488 231012 56236 83732 168524 20480 545828 5760 1048572 0 1048572 0 0 196 0 0 106744 2262 115 18872 1 0 0 0 28900 287 15 0 13 29 2 0 0 0 0 17 11 3 2 0 0 0 0 0 7 24 32 2264 115 2379 0 0 0 39452 2624 2 22554 0 0 0 0 0 0 0 0 0 0 0 0 0 0 0 0 1 0 1 0 0 85 305 220 144 76 36 14 5 3 5 167
20160725 14:39:30 16 0 13 2 0 1 0 67 31 0 0 1049 844 50 579 6 1.77 1.14 1.04 4 1 1274784 565392 709392 72876 10536 231624 58032 86128 179032 20480 562640 5760 1048572 0 1048572 0 0 220 0 0 106724 3275 271 18944 0 0 0 0 28884 285 13 0 20 26 8 0 0 0 0 19 12 3 2 0 0 0 0 0 8 21 29 3275 271 3546 0 1 1 48914 2624 2 22518 0 0 0 0 0 0 0 0 0 0 0 0 0 0 0 0 0 0 1 0 0 349 297 73 31 13 11 14 6 3 6 166
20160725 14:39:40 12 0 12 8 0 1 0 67 25 0 0 1048 1057 43 576 1 1.65 1.13 1.04 1 0 1274784 558988 715796 71264 8488 233768 61852 86400 168472 20480 550900 5760 1048572 0 1048572 0 0 184 0 0 108332 3199 74 15777 26 0 0 0 28732 285 15 0 14 28 3 0 0 0 0 18 12 4 2 0 0 0 0 0 46 14 60 3199 74 3272 0 0 0 67983 2528 2 22897 0 0 0 0 0 0 0 0 0 0 0 0 0 0 0 0 0 0 1 0 0 218 153 139 125 50 30 18 7 4 6 165
20160725 14:39:50 10 0 8 1 0 1 0 80 18 0 0 735 674 29 570 1 1.40 1.09 1.03 1 0 1274784 553356 721428 71264 8488 233844 61812 83744 163240 20480 533292 5760 1048572 0 1048572 0 0 152 0 0 108192 2051 54 11355 1 0 0 0 28676 282 12 0 14 25 1 0 0 0 0 13 8 3 2 0 0 0 0 0 6 9 15 2051 54 2105 0 0 0 67949 2400 2 22861 0 0 0 0 0 0 0 0 0 0 0 0 0 0 0 0 0 0 0 0 0 605 412 282 145 50 25 17 7 4 6 165
20160725 14:40:00 15 0 13 1 0 1 0 70 29 0 0 1027 871 56 575 1 1.18 1.06 1.02 1 1 1274784 557508 717276 71264 10536 233920 61828 83964 164836 20480 537120 5760 1048572 0 1048572 0 0 40 0 0 109280 3279 98 21046 0 0 0 0 28660 283 13 0 17 26 2 0 0 0 0 16 10 3 2 0 0 0 0 0 8 16 25 3279 98 3377 0 0 0 67972 2432 2 22868 0 0 0 0 0 0 0 0 0 0 0 0 0 0 0 0 0 0 1 0 0 436 360 231 129 51 28 11 6 4 6 165
